0.000000e+00 0.000000e+00 0.000000e+00
0.000000e+00 2.000000e-02 1.253332e-01
0.000000e+00 4.000000e-02 2.486899e-01
0.000000e+00 6.000000e-02 3.681246e-01
0.000000e+00 8.000000e-02 4.817537e-01
0.000000e+00 1.000000e-01 5.877853e-01
0.000000e+00 1.200000e-01 6.845471e-01
0.000000e+00 1.400000e-01 7.705132e-01
0.000000e+00 1.600000e-01 8.443279e-01
0.000000e+00 1.800000e-01 9.048271e-01
0.000000e+00 2.000000e-01 9.510565e-01
0.000000e+00 2.200000e-01 9.822873e-01
0.000000e+00 2.400000e-01 9.980267e-01
0.000000e+00 2.600000e-01 9.980267e-01
0.000000e+00 2.800000e-01 9.822873e-01
0.000000e+00 3.000000e-01 9.510565e-01
0.000000e+00 3.200000e-01 9.048271e-01
0.000000e+00 3.400000e-01 8.443279e-01
0.000000e+00 3.600000e-01 7.705132e-01
0.000000e+00 3.800000e-01 6.845471e-01
0.000000e+00 4.000000e-01 5.877853e-01
0.000000e+00 4.200000e-01 4.817537e-01
0.000000e+00 4.400000e-01 3.681246e-01
0.000000e+00 4.600000e-01 2.486899e-01
0.000000e+00 4.800000e-01 1.253332e-01
0.000000e+00 5.000000e-01 1.224647e-16
0.000000e+00 5.200000e-01 -1.253332e-01
0.000000e+00 5.400000e-01 -2.486899e-01
0.000000e+00 5.600000e-01 -3.681246e-01
0.000000e+00 5.800000e-01 -4.817537e-01
0.000000e+00 6.000000e-01 -5.877853e-01
0.000000e+00 6.200000e-01 -6.845471e-01
0.000000e+00 6.400000e-01 -7.705132e-01
0.000000e+00 6.600000e-01 -8.443279e-01
0.000000e+00 6.800000e-01 -9.048271e-01
0.000000e+00 7.000000e-01 -9.510565e-01
0.000000e+00 7.200000e-01 -9.822873e-01
0.000000e+00 7.400000e-01 -9.980267e-01
0.000000e+00 7.600000e-01 -9.980267e-01
0.000000e+00 7.800000e-01 -9.822873e-01
0.000000e+00 8.000000e-01 -9.510565e-01
0.000000e+00 8.200000e-01 -9.048271e-01
0.000000e+00 8.400000e-01 -8.443279e-01
0.000000e+00 8.600000e-01 -7.705132e-01
0.000000e+00 8.800000e-01 -6.845471e-01
0.000000e+00 9.000000e-01 -5.877853e-01
0.000000e+00 9.200000e-01 -4.817537e-01
0.000000e+00 9.400000e-01 -3.681246e-01
0.000000e+00 9.600000e-01 -2.486899e-01
0.000000e+00 9.800000e-01 -1.253332e-01
0.000000e+00 1.000000e+00 -2.449294e-16
1.000000e-02 0.000000e+00 0.000000e+00
1.000000e-02 2.000000e-02 8.982504e-02
1.000000e-02 4.000000e-02 1.782335e-01
1.000000e-02 6.000000e-02 2.638311e-01
1.000000e-02 8.000000e-02 3.452679e-01
1.000000e-02 1.000000e-01 4.212596e-01
1.000000e-02 1.200000e-01 4.906079e-01
1.000000e-02 1.400000e-01 5.522189e-01
1.000000e-02 1.600000e-01 6.051211e-01
1.000000e-02 1.800000e-01 6.484802e-01
1.000000e-02 2.000000e-01 6.816124e-01
1.000000e-02 2.200000e-01 7.039952e-01
1.000000e-02 2.400000e-01 7.152755e-01
1.000000e-02 2.600000e-01 7.152755e-01
1.000000e-02 2.800000e-01 7.039952e-01
1.000000e-02 3.000000e-01 6.816124e-01
1.000000e-02 3.200000e-01 6.484802e-01
1.000000e-02 3.400000e-01 6.051211e-01
1.000000e-02 3.600000e-01 5.522189e-01
1.000000e-02 3.800000e-01 4.906079e-01
1.000000e-02 4.000000e-01 4.212596e-01
1.000000e-02 4.200000e-01 3.452679e-01
1.000000e-02 4.400000e-01 2.638311e-01
1.000000e-02 4.600000e-01 1.782335e-01
1.000000e-02 4.800000e-01 8.982504e-02
1.000000e-02 5.000000e-01 4.573772e-17
1.000000e-02 5.200000e-01 -8.982504e-02
1.000000e-02 5.400000e-01 -1.782335e-01
1.000000e-02 5.600000e-01 -2.638311e-01
1.000000e-02 5.800000e-01 -3.452679e-01
1.000000e-02 6.000000e-01 -4.212596e-01
1.000000e-02 6.200000e-01 -4.906079e-01
1.000000e-02 6.400000e-01 -5.522189e-01
1.000000e-02 6.600000e-01 -6.051211e-01
1.000000e-02 6.800000e-01 -6.484802e-01
1.000000e-02 7.000000e-01 -6.816124e-01
1.000000e-02 7.200000e-01 -7.039952e-01
1.000000e-02 7.400000e-01 -7.152755e-01
1.000000e-02 7.600000e-01 -7.152755e-01
1.000000e-02 7.800000e-01 -7.039952e-01
1.000000e-02 8.000000e-01 -6.816124e-01
1.000000e-02 8.200000e-01 -6.484802e-01
1.000000e-02 8.400000e-01 -6.051211e-01
1.000000e-02 8.600000e-01 -5.522189e-01
1.000000e-02 8.800000e-01 -4.906079e-01
1.000000e-02 9.000000e-01 -4.212596e-01
1.000000e-02 9.200000e-01 -3.452679e-01
1.000000e-02 9.400000e-01 -2.638311e-01
1.000000e-02 9.600000e-01 -1.782335e-01
1.000000e-02 9.800000e-01 -8.982504e-02
1.000000e-02 1.000000e+00 0.000000e+00
2.000000e-02 0.000000e+00 0.000000e+00
2.000000e-02 2.000000e-02 6.437668e-02
2.000000e-02 4.000000e-02 1.277381e-01
2.000000e-02 6.000000e-02 1.890850e-01
2.000000e-02 8.000000e-02 2.474500e-01
2.000000e-02 1.000000e-01 3.019125e-01
2.000000e-02 1.200000e-01 3.516136e-01
2.000000e-02 1.400000e-01 3.957696e-01
2.000000e-02 1.600000e-01 4.336841e-01
2.000000e-02 1.800000e-01 4.647591e-01
2.000000e-02 2.000000e-01 4.885046e-01
2.000000e-02 2.200000e-01 5.045461e-01
2.000000e-02 2.400000e-01 5.126306e-01
2.000000e-02 2.600000e-01 5.126306e-01
2.000000e-02 2.800000e-01 5.045461e-01
2.000000e-02 3.000000e-01 4.885046e-01
2.000000e-02 3.200000e-01 4.647591e-01
2.000000e-02 3.400000e-01 4.336841e-01
2.000000e-02 3.600000e-01 3.957696e-01
2.000000e-02 3.800000e-01 3.516136e-01
2.000000e-02 4.000000e-01 3.019125e-01
2.000000e-02 4.200000e-01 2.474500e-01
2.000000e-02 4.400000e-01 1.890850e-01
2.000000e-02 4.600000e-01 1.277381e-01
2.000000e-02 4.800000e-01 6.437668e-02
2.000000e-02 5.000000e-01 -8.004101e-17
2.000000e-02 5.200000e-01 -6.437668e-02
2.000000e-02 5.400000e-01 -1.277381e-01
2.000000e-02 5.600000e-01 -1.890850e-01
2.000000e-02 5.800000e-01 -2.474500e-01
2.000000e-02 6.000000e-01 -3.019125e-01
2.000000e-02 6.200000e-01 -3.516136e-01
2.000000e-02 6.400000e-01 -3.957696e-01
2.000000e-02 6.600000e-01 -4.336841e-01
2.000000e-02 6.800000e-01 -4.647591e-01
2.000000e-02 7.000000e-01 -4.885046e-01
2.000000e-02 7.200000e-01 -5.045461e-01
2.000000e-02 7.400000e-01 -5.126306e-01
2.000000e-02 7.600000e-01 -5.126306e-01
2.000000e-02 7.800000e-01 -5.045461e-01
2.000000e-02 8.000000e-01 -4.885046e-01
2.000000e-02 8.200000e-01 -4.647591e-01
2.000000e-02 8.400000e-01 -4.336841e-01
2.000000e-02 8.600000e-01 -3.957696e-01
2.000000e-02 8.800000e-01 -3.516136e-01
2.000000e-02 9.000000e-01 -3.019125e-01
2.000000e-02 9.200000e-01 -2.474500e-01
2.000000e-02 9.400000e-01 -1.890850e-01
2.000000e-02 9.600000e-01 -1.277381e-01
2.000000e-02 9.800000e-01 -6.437668e-02
2.000000e-02 1.000000e+00 0.000000e+00
3.000000e-02 0.000000e+00 0.000000e+00
3.000000e-02 2.000000e-02 4.613811e-02
3.000000e-02 4.000000e-02 9.154859e-02
3.000000e-02 6.000000e-02 1.355153e-01
3.000000e-02 8.000000e-02 1.773448e-01
3.000000e-02 1.000000e-01 2.163776e-01
3.000000e-02 1.200000e-01 2.519979e-01
3.000000e-02 1.400000e-01 2.836440e-01
3.000000e-02 1.600000e-01 3.108169e-01
3.000000e-02 1.800000e-01 3.330881e-01
3.000000e-02 2.000000e-01 3.501062e-01
3.000000e-02 2.200000e-01 3.616030e-01
3.000000e-02 2.400000e-01 3.673971e-01
3.000000e-02 2.600000e-01 3.673971e-01
3.000000e-02 2.800000e-01 3.616030e-01
3.000000e-02 3.000000e-01 3.501062e-01
3.000000e-02 3.200000e-01 3.330881e-01
3.000000e-02 3.400000e-01 3.108169e-01
3.000000e-02 3.600000e-01 2.836440e-01
3.000000e-02 3.800000e-01 2.519979e-01
3.000000e-02 4.000000e-01 2.163776e-01
3.000000e-02 4.200000e-01 1.773448e-01
3.000000e-02 4.400000e-01 1.355153e-01
3.000000e-02 4.600000e-01 9.154859e-02
3.000000e-02 4.800000e-01 4.613811e-02
3.000000e-02 5.000000e-01 -8.004101e-17
3.000000e-02 5.200000e-01 -4.613811e-02
3.000000e-02 5.400000e-01 -9.154859e-02
3.000000e-02 5.600000e-01 -1.355153e-01
3.000000e-02 5.800000e-01 -1.773448e-01
3.000000e-02 6.000000e-01 -2.163776e-01
3.000000e-02 6.200000e-01 -2.519979e-01
3.000000e-02 6.400000e-01 -2.836440e-01
3.000000e-02 6.600000e-01 -3.108169e-01
3.000000e-02 6.800000e-01 -3.330881e-01
3.000000e-02 7.000000e-01 -3.501062e-01
3.000000e-02 7.200000e-01 -3.616030e-01
3.000000e-02 7.400000e-01 -3.673971e-01
3.000000e-02 7.600000e-01 -3.673971e-01
3.000000e-02 7.800000e-01 -3.616030e-01
3.000000e-02 8.000000e-01 -3.501062e-01
3.000000e-02 8.200000e-01 -3.330881e-01
3.000000e-02 8.400000e-01 -3.108169e-01
3.000000e-02 8.600000e-01 -2.836440e-01
3.000000e-02 8.800000e-01 -2.519979e-01
3.000000e-02 9.000000e-01 -2.163776e-01
3.000000e-02 9.200000e-01 -1.773448e-01
3.000000e-02 9.400000e-01 -1.355153e-01
3.000000e-02 9.600000e-01 -9.154859e-02
3.000000e-02 9.800000e-01 -4.613811e-02
3.000000e-02 1.000000e+00 0.000000e+00
4.000000e-02 0.000000e+00 0.000000e+00
4.000000e-02 2.000000e-02 3.306671e-02
4.000000e-02 4.000000e-02 6.561193e-02
4.000000e-02 6.000000e-02 9.712241e-02
4.000000e-02 8.000000e-02 1.271012e-01
4.000000e-02 1.000000e-01 1.550756e-01
4.000000e-02 1.200000e-01 1.806043e-01
4.000000e-02 1.400000e-01 2.032847e-01
4.000000e-02 1.600000e-01 2.227593e-01
4.000000e-02 1.800000e-01 2.387208e-01
4.000000e-02 2.000000e-01 2.509175e-01
4.000000e-02 2.200000e-01 2.591571e-01
4.000000e-02 2.400000e-01 2.633097e-01
4.000000e-02 2.600000e-01 2.633097e-01
4.000000e-02 2.800000e-01 2.591571e-01
4.000000e-02 3.000000e-01 2.509175e-01
4.000000e-02 3.200000e-01 2.387208e-01
4.000000e-02 3.400000e-01 2.227593e-01
4.000000e-02 3.600000e-01 2.032847e-01
4.000000e-02 3.800000e-01 1.806043e-01
4.000000e-02 4.000000e-01 1.550756e-01
4.000000e-02 4.200000e-01 1.271012e-01
4.000000e-02 4.400000e-01 9.712241e-02
4.000000e-02 4.600000e-01 6.561193e-02
4.000000e-02 4.800000e-01 3.306671e-02
4.000000e-02 5.000000e-01 -5.717215e-18
4.000000e-02 5.200000e-01 -3.306671e-02
4.000000e-02 5.400000e-01 -6.561193e-02
4.000000e-02 5.600000e-01 -9.712241e-02
4.000000e-02 5.800000e-01 -1.271012e-01
4.000000e-02 6.000000e-01 -1.550756e-01
4.000000e-02 6.200000e-01 -1.806043e-01
4.000000e-02 6.400000e-01 -2.032847e-01
4.000000e-02 6.600000e-01 -2.227593e-01
4.000000e-02 6.800000e-01 -2.387208e-01
4.000000e-02 7.000000e-01 -2.509175e-01
4.000000e-02 7.200000e-01 -2.591571e-01
4.000000e-02 7.400000e-01 -2.633097e-01
4.000000e-02 7.600000e-01 -2.633097e-01
4.000000e-02 7.800000e-01 -2.591571e-01
4.000000e-02 8.000000e-01 -2.509175e-01
4.000000e-02 8.200000e-01 -2.387208e-01
4.000000e-02 8.400000e-01 -2.227593e-01
4.000000e-02 8.600000e-01 -2.032847e-01
4.000000e-02 8.800000e-01 -1.806043e-01
4.000000e-02 9.000000e-01 -1.550756e-01
4.000000e-02 9.200000e-01 -1.271012e-01
4.000000e-02 9.400000e-01 -9.712241e-02
4.000000e-02 9.600000e-01 -6.561193e-02
4.000000e-02 9.800000e-01 -3.306671e-02
4.000000e-02 1.000000e+00 0.000000e+00
5.000000e-02 0.000000e+00 0.000000e+00
5.000000e-02 2.000000e-02 2.369857e-02
5.000000e-02 4.000000e-02 4.702340e-02
5.000000e-02 6.000000e-02 6.960664e-02
5.000000e-02 8.000000e-02 9.109214e-02
5.000000e-02 1.000000e-01 1.111411e-01
5.000000e-02 1.200000e-01 1.294372e-01
5.000000e-02 1.400000e-01 1.456921e-01
5.000000e-02 1.600000e-01 1.596493e-01
5.000000e-02 1.800000e-01 1.710887e-01
5.000000e-02 2.000000e-01 1.798300e-01
5.000000e-02 2.200000e-01 1.857353e-01
5.000000e-02 2.400000e-01 1.887114e-01
5.000000e-02 2.600000e-01 1.887114e-01
5.000000e-02 2.800000e-01 1.857353e-01
5.000000e-02 3.000000e-01 1.798300e-01
5.000000e-02 3.200000e-01 1.710887e-01
5.000000e-02 3.400000e-01 1.596493e-01
5.000000e-02 3.600000e-01 1.456921e-01
5.000000e-02 3.800000e-01 1.294372e-01
5.000000e-02 4.000000e-01 1.111411e-01
5.000000e-02 4.200000e-01 9.109214e-02
5.000000e-02 4.400000e-01 6.960664e-02
5.000000e-02 4.600000e-01 4.702340e-02
5.000000e-02 4.800000e-01 2.369857e-02
5.000000e-02 5.000000e-01 3.716190e-17
5.000000e-02 5.200000e-01 -2.369857e-02
5.000000e-02 5.400000e-01 -4.702340e-02
5.000000e-02 5.600000e-01 -6.960664e-02
5.000000e-02 5.800000e-01 -9.109214e-02
5.000000e-02 6.000000e-01 -1.111411e-01
5.000000e-02 6.200000e-01 -1.294372e-01
5.000000e-02 6.400000e-01 -1.456921e-01
5.000000e-02 6.600000e-01 -1.596493e-01
5.000000e-02 6.800000e-01 -1.710887e-01
5.000000e-02 7.000000e-01 -1.798300e-01
5.000000e-02 7.200000e-01 -1.857353e-01
5.000000e-02 7.400000e-01 -1.887114e-01
5.000000e-02 7.600000e-01 -1.887114e-01
5.000000e-02 7.800000e-01 -1.857353e-01
5.000000e-02 8.000000e-01 -1.798300e-01
5.000000e-02 8.200000e-01 -1.710887e-01
5.000000e-02 8.400000e-01 -1.596493e-01
5.000000e-02 8.600000e-01 -1.456921e-01
5.000000e-02 8.800000e-01 -1.294372e-01
5.000000e-02 9.000000e-01 -1.111411e-01
5.000000e-02 9.200000e-01 -9.109214e-02
5.000000e-02 9.400000e-01 -6.960664e-02
5.000000e-02 9.600000e-01 -4.702340e-02
5.000000e-02 9.800000e-01 -2.369857e-02
5.000000e-02 1.000000e+00 0.000000e+00
6.000000e-02 0.000000e+00 0.000000e+00
6.000000e-02 2.000000e-02 1.698452e-02
6.000000e-02 4.000000e-02 3.370118e-02
6.000000e-02 6.000000e-02 4.988636e-02
6.000000e-02 8.000000e-02 6.528480e-02
6.000000e-02 1.000000e-01 7.965366e-02
6.000000e-02 1.200000e-01 9.276633e-02
6.000000e-02 1.400000e-01 1.044160e-01
6.000000e-02 1.600000e-01 1.144190e-01
6.000000e-02 1.800000e-01 1.226175e-01
6.000000e-02 2.000000e-01 1.288823e-01
6.000000e-02 2.200000e-01 1.331146e-01
6.000000e-02 2.400000e-01 1.352475e-01
6.000000e-02 2.600000e-01 1.352475e-01
6.000000e-02 2.800000e-01 1.331146e-01
6.000000e-02 3.000000e-01 1.288823e-01
6.000000e-02 3.200000e-01 1.226175e-01
6.000000e-02 3.400000e-01 1.144190e-01
6.000000e-02 3.600000e-01 1.044160e-01
6.000000e-02 3.800000e-01 9.276633e-02
6.000000e-02 4.000000e-01 7.965366e-02
6.000000e-02 4.200000e-01 6.528480e-02
6.000000e-02 4.400000e-01 4.988636e-02
6.000000e-02 4.600000e-01 3.370118e-02
6.000000e-02 4.800000e-01 1.698452e-02
6.000000e-02 5.000000e-01 8.575822e-17
6.000000e-02 5.200000e-01 -1.698452e-02
6.000000e-02 5.400000e-01 -3.370118e-02
6.000000e-02 5.600000e-01 -4.988636e-02
6.000000e-02 5.800000e-01 -6.528480e-02
6.000000e-02 6.000000e-01 -7.965366e-02
6.000000e-02 6.200000e-01 -9.276633e-02
6.000000e-02 6.400000e-01 -1.044160e-01
6.000000e-02 6.600000e-01 -1.144190e-01
6.000000e-02 6.800000e-01 -1.226175e-01
6.000000e-02 7.000000e-01 -1.288823e-01
6.000000e-02 7.200000e-01 -1.331146e-01
6.000000e-02 7.400000e-01 -1.352475e-01
6.000000e-02 7.600000e-01 -1.352475e-01
6.000000e-02 7.800000e-01 -1.331146e-01
6.000000e-02 8.000000e-01 -1.288823e-01
6.000000e-02 8.200000e-01 -1.226175e-01
6.000000e-02 8.400000e-01 -1.144190e-01
6.000000e-02 8.600000e-01 -1.044160e-01
6.000000e-02 8.800000e-01 -9.276633e-02
6.000000e-02 9.000000e-01 -7.965366e-02
6.000000e-02 9.200000e-01 -6.528480e-02
6.000000e-02 9.400000e-01 -4.988636e-02
6.000000e-02 9.600000e-01 -3.370118e-02
6.000000e-02 9.800000e-01 -1.698452e-02
6.000000e-02 1.000000e+00 0.000000e+00
7.000000e-02 0.000000e+00 0.000000e+00
7.000000e-02 2.000000e-02 1.217263e-02
7.000000e-02 4.000000e-02 2.415329e-02
7.000000e-02 6.000000e-02 3.575304e-02
7.000000e-02 8.000000e-02 4.678894e-02
7.000000e-02 1.000000e-01 5.708696e-02
7.000000e-02 1.200000e-01 6.648467e-02
7.000000e-02 1.400000e-01 7.483389e-02
7.000000e-02 1.600000e-01 8.200293e-02
7.000000e-02 1.800000e-01 8.787873e-02
7.000000e-02 2.000000e-01 9.236864e-02
7.000000e-02 2.200000e-01 9.540183e-02
7.000000e-02 2.400000e-01 9.693048e-02
7.000000e-02 2.600000e-01 9.693048e-02
7.000000e-02 2.800000e-01 9.540183e-02
7.000000e-02 3.000000e-01 9.236864e-02
7.000000e-02 3.200000e-01 8.787873e-02
7.000000e-02 3.400000e-01 8.200293e-02
7.000000e-02 3.600000e-01 7.483389e-02
7.000000e-02 3.800000e-01 6.648467e-02
7.000000e-02 4.000000e-01 5.708696e-02
7.000000e-02 4.200000e-01 4.678894e-02
7.000000e-02 4.400000e-01 3.575304e-02
7.000000e-02 4.600000e-01 2.415329e-02
7.000000e-02 4.800000e-01 1.217263e-02
7.000000e-02 5.000000e-01 1.272080e-16
7.000000e-02 5.200000e-01 -1.217263e-02
7.000000e-02 5.400000e-01 -2.415329e-02
7.000000e-02 5.600000e-01 -3.575304e-02
7.000000e-02 5.800000e-01 -4.678894e-02
7.000000e-02 6.000000e-01 -5.708696e-02
7.000000e-02 6.200000e-01 -6.648467e-02
7.000000e-02 6.400000e-01 -7.483389e-02
7.000000e-02 6.600000e-01 -8.200293e-02
7.000000e-02 6.800000e-01 -8.787873e-02
7.000000e-02 7.000000e-01 -9.236864e-02
7.000000e-02 7.200000e-01 -9.540183e-02
7.000000e-02 7.400000e-01 -9.693048e-02
7.000000e-02 7.600000e-01 -9.693048e-02
7.000000e-02 7.800000e-01 -9.540183e-02
7.000000e-02 8.000000e-01 -9.236864e-02
7.000000e-02 8.200000e-01 -8.787873e-02
7.000000e-02 8.400000e-01 -8.200293e-02
7.000000e-02 8.600000e-01 -7.483389e-02
7.000000e-02 8.800000e-01 -6.648467e-02
7.000000e-02 9.000000e-01 -5.708696e-02
7.000000e-02 9.200000e-01 -4.678894e-02
7.000000e-02 9.400000e-01 -3.575304e-02
7.000000e-02 9.600000e-01 -2.415329e-02
7.000000e-02 9.800000e-01 -1.217263e-02
7.000000e-02 1.000000e+00 0.000000e+00
8.000000e-02 0.000000e+00 0.000000e+00
8.000000e-02 2.000000e-02 8.723999e-03
8.000000e-02 4.000000e-02 1.731042e-02
8.000000e-02 6.000000e-02 2.562384e-02
8.000000e-02 8.000000e-02 3.353315e-02
8.000000e-02 1.000000e-01 4.091363e-02
8.000000e-02 1.200000e-01 4.764888e-02
8.000000e-02 1.400000e-01 5.363268e-02
8.000000e-02 1.600000e-01 5.877065e-02
8.000000e-02 1.800000e-01 6.298178e-02
8.000000e-02 2.000000e-01 6.619965e-02
8.000000e-02 2.200000e-01 6.837351e-02
8.000000e-02 2.400000e-01 6.946908e-02
8.000000e-02 2.600000e-01 6.946908e-02
8.000000e-02 2.800000e-01 6.837351e-02
8.000000e-02 3.000000e-01 6.619965e-02
8.000000e-02 3.200000e-01 6.298178e-02
8.000000e-02 3.400000e-01 5.877065e-02
8.000000e-02 3.600000e-01 5.363268e-02
8.000000e-02 3.800000e-01 4.764888e-02
8.000000e-02 4.000000e-01 4.091363e-02
8.000000e-02 4.200000e-01 3.353315e-02
8.000000e-02 4.400000e-01 2.562384e-02
8.000000e-02 4.600000e-01 1.731042e-02
8.000000e-02 4.800000e-01 8.723999e-03
8.000000e-02 5.000000e-01 1.472183e-16
8.000000e-02 5.200000e-01 -8.723999e-03
8.000000e-02 5.400000e-01 -1.731042e-02
8.000000e-02 5.600000e-01 -2.562384e-02
8.000000e-02 5.800000e-01 -3.353315e-02
8.000000e-02 6.000000e-01 -4.091363e-02
8.000000e-02 6.200000e-01 -4.764888e-02
8.000000e-02 6.400000e-01 -5.363268e-02
8.000000e-02 6.600000e-01 -5.877065e-02
8.000000e-02 6.800000e-01 -6.298178e-02
8.000000e-02 7.000000e-01 -6.619965e-02
8.000000e-02 7.200000e-01 -6.837351e-02
8.000000e-02 7.400000e-01 -6.946908e-02
8.000000e-02 7.600000e-01 -6.946908e-02
8.000000e-02 7.800000e-01 -6.837351e-02
8.000000e-02 8.000000e-01 -6.619965e-02
8.000000e-02 8.200000e-01 -6.298178e-02
8.000000e-02 8.400000e-01 -5.877065e-02
8.000000e-02 8.600000e-01 -5.363268e-02
8.000000e-02 8.800000e-01 -4.764888e-02
8.000000e-02 9.000000e-01 -4.091363e-02
8.000000e-02 9.200000e-01 -3.353315e-02
8.000000e-02 9.400000e-01 -2.562384e-02
8.000000e-02 9.600000e-01 -1.731042e-02
8.000000e-02 9.800000e-01 -8.723999e-03
8.000000e-02 1.000000e+00 0.000000e+00
9.000000e-02 0.000000e+00 0.000000e+00
9.000000e-02 2.000000e-02 6.252401e-03
9.000000e-02 4.000000e-02 1.240620e-02
9.000000e-02 6.000000e-02 1.836434e-02
9.000000e-02 8.000000e-02 2.403287e-02
9.000000e-02 1.000000e-01 2.932238e-02
9.000000e-02 1.200000e-01 3.414946e-02
9.000000e-02 1.400000e-01 3.843799e-02
9.000000e-02 1.600000e-01 4.212032e-02
9.000000e-02 1.800000e-01 4.513840e-02
9.000000e-02 2.000000e-01 4.744461e-02
9.000000e-02 2.200000e-01 4.900259e-02
9.000000e-02 2.400000e-01 4.978778e-02
9.000000e-02 2.600000e-01 4.978778e-02
9.000000e-02 2.800000e-01 4.900259e-02
9.000000e-02 3.000000e-01 4.744461e-02
9.000000e-02 3.200000e-01 4.513840e-02
9.000000e-02 3.400000e-01 4.212032e-02
9.000000e-02 3.600000e-01 3.843799e-02
9.000000e-02 3.800000e-01 3.414946e-02
9.000000e-02 4.000000e-01 2.932238e-02
9.000000e-02 4.200000e-01 2.403287e-02
9.000000e-02 4.400000e-01 1.836434e-02
9.000000e-02 4.600000e-01 1.240620e-02
9.000000e-02 4.800000e-01 6.252401e-03
9.000000e-02 5.000000e-01 1.579381e-16
9.000000e-02 5.200000e-01 -6.252401e-03
9.000000e-02 5.400000e-01 -1.240620e-02
9.000000e-02 5.600000e-01 -1.836434e-02
9.000000e-02 5.800000e-01 -2.403287e-02
9.000000e-02 6.000000e-01 -2.932238e-02
9.000000e-02 6.200000e-01 -3.414946e-02
9.000000e-02 6.400000e-01 -3.843799e-02
9.000000e-02 6.600000e-01 -4.212032e-02
9.000000e-02 6.800000e-01 -4.513840e-02
9.000000e-02 7.000000e-01 -4.744461e-02
9.000000e-02 7.200000e-01 -4.900259e-02
9.000000e-02 7.400000e-01 -4.978778e-02
9.000000e-02 7.600000e-01 -4.978778e-02
9.000000e-02 7.800000e-01 -4.900259e-02
9.000000e-02 8.000000e-01 -4.744461e-02
9.000000e-02 8.200000e-01 -4.513840e-02
9.000000e-02 8.400000e-01 -4.212032e-02
9.000000e-02 8.600000e-01 -3.843799e-02
9.000000e-02 8.800000e-01 -3.414946e-02
9.000000e-02 9.000000e-01 -2.932238e-02
9.000000e-02 9.200000e-01 -2.403287e-02
9.000000e-02 9.400000e-01 -1.836434e-02
9.000000e-02 9.600000e-01 -1.240620e-02
9.000000e-02 9.800000e-01 -6.252401e-03
9.000000e-02 1.000000e+00 0.000000e+00
