30 31 0.100000
0.000000 0.000000 0.000000
0.100000 0.000000 0.000000
0.200000 0.000000 0.000000
0.300000 0.000000 0.000000
0.400000 0.000000 0.000000
0.500000 0.000000 0.000000
0.600000 0.000000 0.000000
0.700000 0.000000 0.000000
0.800000 0.000000 0.000000
0.900000 0.000000 0.000000
1.000000 0.000000 0.000000
1.070711 -0.070711 0.000000
1.141421 -0.141421 0.000000
1.212132 -0.212132 0.000000
1.282843 -0.282843 0.000000
1.353553 -0.353553 0.000000
1.424264 -0.424264 0.000000
1.494975 -0.494975 0.000000
1.565685 -0.565685 0.000000
1.636396 -0.636396 0.000000
1.707107 -0.707107 0.000000
1.070711 0.070711 0.000000
1.141421 0.141421 0.000000
1.212132 0.212132 0.000000
1.282843 0.282843 0.000000
1.353553 0.353553 0.000000
1.424264 0.424264 0.000000
1.494975 0.494975 0.000000
1.565685 0.565685 0.000000
1.636396 0.636396 0.000000
1.707107 0.707107 0.000000
0 1
1 2
2 3
3 4
4 5
5 6
6 7
7 8
8 9
9 10
10 11
11 12
12 13
13 14
14 15
15 16
16 17
17 18
18 19
19 20
10 21
21 22
22 23
23 24
24 25
25 26
26 27
27 28
28 29
29 30
