75 76 0.200000
0.000000 0.000000 0.000000
0.200000 0.000000 0.000000
0.400000 0.000000 0.000000
0.600000 0.000000 0.000000
0.800000 0.000000 0.000000
1.000000 0.000000 0.000000
1.173205 -0.100000 0.000000
1.346410 -0.200000 0.000000
1.519615 -0.300000 0.000000
1.692820 -0.400000 0.000000
1.866025 -0.500000 0.000000
1.173205 0.100000 0.000000
1.346410 0.200000 0.000000
1.519615 0.300000 0.000000
1.692820 0.400000 0.000000
1.866025 0.500000 0.000000
1.966025 -0.673205 0.000000
2.066025 -0.846410 0.000000
2.166025 -1.019615 0.000000
2.266025 -1.192820 0.000000
2.366025 -1.366025 0.000000
2.066025 -0.500000 0.000000
2.266025 -0.500000 0.000000
2.466025 -0.500000 0.000000
2.666025 -0.500000 0.000000
2.866025 -0.500000 0.000000
2.066025 0.500000 0.000000
2.266025 0.500000 0.000000
2.466025 0.500000 0.000000
2.666025 0.500000 0.000000
2.866025 0.500000 0.000000
1.966025 0.673205 0.000000
2.066025 0.846410 0.000000
2.166025 1.019615 0.000000
2.266025 1.192820 0.000000
2.366025 1.366025 0.000000
2.366025 -1.566025 0.000000
2.366025 -1.766025 0.000000
2.366025 -1.966025 0.000000
2.366025 -2.166025 0.000000
2.366025 -2.366025 0.000000
2.539230 -1.466025 0.000000
2.712436 -1.566025 0.000000
2.885641 -1.666025 0.000000
3.058846 -1.766025 0.000000
3.232051 -1.866025 0.000000
3.039230 -0.600000 0.000000
3.212436 -0.700000 0.000000
3.385641 -0.800000 0.000000
3.558846 -0.900000 0.000000
3.732051 -1.000000 0.000000
3.039230 -0.400000 0.000000
3.212436 -0.300000 0.000000
3.385641 -0.200000 0.000000
3.558846 -0.100000 0.000000
3.732051 -0.000000 0.000000
3.039230 0.400000 0.000000
3.212436 0.300000 0.000000
3.385641 0.200000 0.000000
3.558846 0.100000 0.000000
3.732051 0.000000 0.000000
3.039230 0.600000 0.000000
3.212436 0.700000 0.000000
3.385641 0.800000 0.000000
3.558846 0.900000 0.000000
3.732051 1.000000 0.000000
2.539230 1.466025 0.000000
2.712436 1.566025 0.000000
2.885641 1.666025 0.000000
3.058846 1.766025 0.000000
3.232051 1.866025 0.000000
2.366025 1.566025 0.000000
2.366025 1.766025 0.000000
2.366025 1.966025 0.000000
2.366025 2.166025 0.000000
2.366025 2.366025 0.000000
0 1
1 2
2 3
3 4
4 5
5 6
6 7
7 8
8 9
9 10
5 11
11 12
12 13
13 14
14 15
10 16
16 17
17 18
18 19
19 20
10 21
21 22
22 23
23 24
24 25
15 26
26 27
27 28
28 29
29 30
15 31
31 32
32 33
33 34
34 35
20 36
36 37
37 38
38 39
39 40
20 41
41 42
42 43
43 44
44 45
25 46
46 47
47 48
48 49
49 50
25 51
51 52
52 53
53 54
54 55
30 56
56 57
57 58
58 59
59 60
30 61
61 62
62 63
63 64
64 65
35 66
66 67
67 68
68 69
69 70
35 71
71 72
72 73
73 74
74 75
