15 16 0.200000
0.000000 0.000000 0.000000
0.200000 0.000000 0.000000
0.400000 0.000000 0.000000
0.600000 0.000000 0.000000
0.800000 0.000000 0.000000
1.000000 0.000000 0.000000
1.141421 -0.141421 0.000000
1.282843 -0.282843 0.000000
1.424264 -0.424264 0.000000
1.565685 -0.565685 0.000000
1.707107 -0.707107 0.000000
1.141421 0.141421 0.000000
1.282843 0.282843 0.000000
1.424264 0.424264 0.000000
1.565685 0.565685 0.000000
1.707107 0.707107 0.000000
0 1
1 2
2 3
3 4
4 5
5 6
6 7
7 8
8 9
9 10
5 11
11 12
12 13
13 14
14 15
