0.000000e+00 0.000000e+00
1.000000e-03 1.490817e-04
2.000000e-03 2.981626e-04
3.000000e-03 4.472418e-04
4.000000e-03 5.963184e-04
5.000000e-03 7.453916e-04
6.000000e-03 8.944606e-04
7.000000e-03 1.043524e-03
8.000000e-03 1.192582e-03
9.000000e-03 1.341633e-03
1.000000e-02 1.490677e-03
1.100000e-02 1.639712e-03
1.200000e-02 1.788737e-03
1.300000e-02 1.937753e-03
1.400000e-02 2.086757e-03
1.500000e-02 2.235749e-03
1.600000e-02 2.384729e-03
1.700000e-02 2.533695e-03
1.800000e-02 2.682647e-03
1.900000e-02 2.831583e-03
2.000000e-02 2.980503e-03
2.100000e-02 3.129406e-03
2.200000e-02 3.278291e-03
2.300000e-02 3.427157e-03
2.400000e-02 3.576004e-03
2.500000e-02 3.724831e-03
2.600000e-02 3.873636e-03
2.700000e-02 4.022419e-03
2.800000e-02 4.171179e-03
2.900000e-02 4.319915e-03
3.000000e-02 4.468627e-03
3.100000e-02 4.617313e-03
3.200000e-02 4.765973e-03
3.300000e-02 4.914605e-03
3.400000e-02 5.063209e-03
3.500000e-02 5.211785e-03
3.600000e-02 5.360330e-03
3.700000e-02 5.508845e-03
3.800000e-02 5.657329e-03
3.900000e-02 5.805780e-03
4.000000e-02 5.954198e-03
4.100000e-02 6.102582e-03
4.200000e-02 6.250931e-03
4.300000e-02 6.399244e-03
4.400000e-02 6.547520e-03
4.500000e-02 6.695760e-03
4.600000e-02 6.843960e-03
4.700000e-02 6.992122e-03
4.800000e-02 7.140244e-03
4.900000e-02 7.288325e-03
5.000000e-02 7.436364e-03
5.100000e-02 7.584360e-03
5.200000e-02 7.732314e-03
5.300000e-02 7.880223e-03
5.400000e-02 8.028086e-03
5.500000e-02 8.175904e-03
5.600000e-02 8.323675e-03
5.700000e-02 8.471398e-03
5.800000e-02 8.619073e-03
5.900000e-02 8.766699e-03
6.000000e-02 8.914274e-03
6.100000e-02 9.061798e-03
6.200000e-02 9.209270e-03
6.300000e-02 9.356689e-03
6.400000e-02 9.504055e-03
6.500000e-02 9.651366e-03
6.600000e-02 9.798622e-03
6.700000e-02 9.945822e-03
6.800000e-02 1.009296e-02
6.900000e-02 1.024005e-02
7.000000e-02 1.038707e-02
7.100000e-02 1.053404e-02
7.200000e-02 1.068095e-02
7.300000e-02 1.082779e-02
7.400000e-02 1.097457e-02
7.500000e-02 1.112129e-02
7.600000e-02 1.126795e-02
7.700000e-02 1.141454e-02
7.800000e-02 1.156106e-02
7.900000e-02 1.170752e-02
8.000000e-02 1.185391e-02
8.100000e-02 1.200024e-02
8.200000e-02 1.214649e-02
8.300000e-02 1.229268e-02
8.400000e-02 1.243879e-02
8.500000e-02 1.258483e-02
8.600000e-02 1.273080e-02
8.700000e-02 1.287670e-02
8.800000e-02 1.302252e-02
8.900000e-02 1.316827e-02
9.000000e-02 1.331394e-02
9.100000e-02 1.345953e-02
9.200000e-02 1.360505e-02
9.300000e-02 1.375049e-02
9.400000e-02 1.389585e-02
9.500000e-02 1.404113e-02
9.600000e-02 1.418633e-02
9.700000e-02 1.433145e-02
9.800000e-02 1.447648e-02
9.900000e-02 1.462143e-02
1.000000e-01 1.476630e-02
1.010000e-01 1.491108e-02
1.020000e-01 1.505577e-02
1.030000e-01 1.520038e-02
1.040000e-01 1.534490e-02
1.050000e-01 1.548933e-02
1.060000e-01 1.563367e-02
1.070000e-01 1.577793e-02
1.080000e-01 1.592209e-02
1.090000e-01 1.606615e-02
1.100000e-01 1.621013e-02
1.110000e-01 1.635401e-02
1.120000e-01 1.649780e-02
1.130000e-01 1.664149e-02
1.140000e-01 1.678508e-02
1.150000e-01 1.692858e-02
1.160000e-01 1.707198e-02
1.170000e-01 1.721528e-02
1.180000e-01 1.735848e-02
1.190000e-01 1.750158e-02
1.200000e-01 1.764458e-02
1.210000e-01 1.778748e-02
1.220000e-01 1.793027e-02
1.230000e-01 1.807296e-02
1.240000e-01 1.821555e-02
1.250000e-01 1.835803e-02
1.260000e-01 1.850040e-02
1.270000e-01 1.864266e-02
1.280000e-01 1.878482e-02
1.290000e-01 1.892687e-02
1.300000e-01 1.906880e-02
1.310000e-01 1.921063e-02
1.320000e-01 1.935234e-02
1.330000e-01 1.949394e-02
1.340000e-01 1.963543e-02
1.350000e-01 1.977680e-02
1.360000e-01 1.991806e-02
1.370000e-01 2.005921e-02
1.380000e-01 2.020023e-02
1.390000e-01 2.034114e-02
1.400000e-01 2.048193e-02
1.410000e-01 2.062260e-02
1.420000e-01 2.076315e-02
1.430000e-01 2.090357e-02
1.440000e-01 2.104388e-02
1.450000e-01 2.118406e-02
1.460000e-01 2.132412e-02
1.470000e-01 2.146405e-02
1.480000e-01 2.160386e-02
1.490000e-01 2.174355e-02
1.500000e-01 2.188310e-02
1.510000e-01 2.202253e-02
1.520000e-01 2.216183e-02
1.530000e-01 2.230099e-02
1.540000e-01 2.244003e-02
1.550000e-01 2.257894e-02
1.560000e-01 2.271771e-02
1.570000e-01 2.285635e-02
1.580000e-01 2.299486e-02
1.590000e-01 2.313323e-02
1.600000e-01 2.327146e-02
1.610000e-01 2.340956e-02
1.620000e-01 2.354752e-02
1.630000e-01 2.368534e-02
1.640000e-01 2.382303e-02
1.650000e-01 2.396057e-02
1.660000e-01 2.409797e-02
1.670000e-01 2.423523e-02
1.680000e-01 2.437235e-02
1.690000e-01 2.450932e-02
1.700000e-01 2.464615e-02
1.710000e-01 2.478283e-02
1.720000e-01 2.491937e-02
1.730000e-01 2.505576e-02
1.740000e-01 2.519200e-02
1.750000e-01 2.532810e-02
1.760000e-01 2.546404e-02
1.770000e-01 2.559984e-02
1.780000e-01 2.573548e-02
1.790000e-01 2.587097e-02
1.800000e-01 2.600630e-02
1.810000e-01 2.614149e-02
1.820000e-01 2.627651e-02
1.830000e-01 2.641139e-02
1.840000e-01 2.654610e-02
1.850000e-01 2.668066e-02
1.860000e-01 2.681506e-02
1.870000e-01 2.694930e-02
1.880000e-01 2.708338e-02
1.890000e-01 2.721730e-02
1.900000e-01 2.735106e-02
1.910000e-01 2.748465e-02
1.920000e-01 2.761808e-02
1.930000e-01 2.775135e-02
1.940000e-01 2.788445e-02
1.950000e-01 2.801739e-02
1.960000e-01 2.815016e-02
1.970000e-01 2.828276e-02
1.980000e-01 2.841519e-02
1.990000e-01 2.854745e-02
2.000000e-01 2.867955e-02
2.010000e-01 2.881147e-02
2.020000e-01 2.894322e-02
2.030000e-01 2.907479e-02
2.040000e-01 2.920619e-02
2.050000e-01 2.933742e-02
2.060000e-01 2.946847e-02
2.070000e-01 2.959935e-02
2.080000e-01 2.973004e-02
2.090000e-01 2.986056e-02
2.100000e-01 2.999090e-02
2.110000e-01 3.012106e-02
2.120000e-01 3.025104e-02
2.130000e-01 3.038084e-02
2.140000e-01 3.051045e-02
2.150000e-01 3.063988e-02
2.160000e-01 3.076913e-02
2.170000e-01 3.089819e-02
2.180000e-01 3.102707e-02
2.190000e-01 3.115576e-02
2.200000e-01 3.128426e-02
2.210000e-01 3.141257e-02
2.220000e-01 3.154069e-02
2.230000e-01 3.166862e-02
2.240000e-01 3.179636e-02
2.250000e-01 3.192391e-02
2.260000e-01 3.205127e-02
2.270000e-01 3.217843e-02
2.280000e-01 3.230540e-02
2.290000e-01 3.243217e-02
2.300000e-01 3.255874e-02
2.310000e-01 3.268512e-02
2.320000e-01 3.281130e-02
2.330000e-01 3.293728e-02
2.340000e-01 3.306305e-02
2.350000e-01 3.318863e-02
2.360000e-01 3.331401e-02
2.370000e-01 3.343918e-02
2.380000e-01 3.356415e-02
2.390000e-01 3.368892e-02
2.400000e-01 3.381348e-02
2.410000e-01 3.393783e-02
2.420000e-01 3.406198e-02
2.430000e-01 3.418592e-02
2.440000e-01 3.430965e-02
2.450000e-01 3.443317e-02
2.460000e-01 3.455648e-02
2.470000e-01 3.467958e-02
2.480000e-01 3.480247e-02
2.490000e-01 3.492514e-02
2.500000e-01 3.504760e-02
2.510000e-01 3.516984e-02
2.520000e-01 3.529187e-02
2.530000e-01 3.541368e-02
2.540000e-01 3.553528e-02
2.550000e-01 3.565665e-02
2.560000e-01 3.577781e-02
2.570000e-01 3.589875e-02
2.580000e-01 3.601946e-02
2.590000e-01 3.613996e-02
2.600000e-01 3.626023e-02
2.610000e-01 3.638027e-02
2.620000e-01 3.650009e-02
2.630000e-01 3.661969e-02
2.640000e-01 3.673906e-02
2.650000e-01 3.685820e-02
2.660000e-01 3.697712e-02
2.670000e-01 3.709580e-02
2.680000e-01 3.721426e-02
2.690000e-01 3.733248e-02
2.700000e-01 3.745048e-02
2.710000e-01 3.756824e-02
2.720000e-01 3.768576e-02
2.730000e-01 3.780306e-02
2.740000e-01 3.792011e-02
2.750000e-01 3.803694e-02
2.760000e-01 3.815352e-02
2.770000e-01 3.826987e-02
2.780000e-01 3.838598e-02
2.790000e-01 3.850184e-02
2.800000e-01 3.861747e-02
2.810000e-01 3.873286e-02
2.820000e-01 3.884800e-02
2.830000e-01 3.896290e-02
2.840000e-01 3.907756e-02
2.850000e-01 3.919197e-02
2.860000e-01 3.930614e-02
2.870000e-01 3.942006e-02
2.880000e-01 3.953373e-02
2.890000e-01 3.964715e-02
2.900000e-01 3.976033e-02
2.910000e-01 3.987325e-02
2.920000e-01 3.998593e-02
2.930000e-01 4.009835e-02
2.940000e-01 4.021051e-02
2.950000e-01 4.032243e-02
2.960000e-01 4.043409e-02
2.970000e-01 4.054549e-02
2.980000e-01 4.065664e-02
2.990000e-01 4.076753e-02
3.000000e-01 4.087816e-02
3.010000e-01 4.098853e-02
3.020000e-01 4.109865e-02
3.030000e-01 4.120850e-02
3.040000e-01 4.131809e-02
3.050000e-01 4.142742e-02
3.060000e-01 4.153648e-02
3.070000e-01 4.164528e-02
3.080000e-01 4.175381e-02
3.090000e-01 4.186208e-02
3.100000e-01 4.197008e-02
3.110000e-01 4.207782e-02
3.120000e-01 4.218528e-02
3.130000e-01 4.229247e-02
3.140000e-01 4.239940e-02
3.150000e-01 4.250605e-02
3.160000e-01 4.261243e-02
3.170000e-01 4.271853e-02
3.180000e-01 4.282436e-02
3.190000e-01 4.292992e-02
3.200000e-01 4.303520e-02
3.210000e-01 4.314020e-02
3.220000e-01 4.324493e-02
3.230000e-01 4.334938e-02
3.240000e-01 4.345354e-02
3.250000e-01 4.355743e-02
3.260000e-01 4.366103e-02
3.270000e-01 4.376436e-02
3.280000e-01 4.386740e-02
3.290000e-01 4.397015e-02
3.300000e-01 4.407262e-02
3.310000e-01 4.417480e-02
3.320000e-01 4.427670e-02
3.330000e-01 4.437831e-02
3.340000e-01 4.447963e-02
3.350000e-01 4.458066e-02
3.360000e-01 4.468141e-02
3.370000e-01 4.478186e-02
3.380000e-01 4.488201e-02
3.390000e-01 4.498188e-02
3.400000e-01 4.508145e-02
3.410000e-01 4.518072e-02
3.420000e-01 4.527970e-02
3.430000e-01 4.537839e-02
3.440000e-01 4.547677e-02
3.450000e-01 4.557486e-02
3.460000e-01 4.567265e-02
3.470000e-01 4.577013e-02
3.480000e-01 4.586732e-02
3.490000e-01 4.596420e-02
3.500000e-01 4.606078e-02
3.510000e-01 4.615706e-02
3.520000e-01 4.625303e-02
3.530000e-01 4.634870e-02
3.540000e-01 4.644406e-02
3.550000e-01 4.653911e-02
3.560000e-01 4.663385e-02
3.570000e-01 4.672829e-02
3.580000e-01 4.682241e-02
3.590000e-01 4.691622e-02
3.600000e-01 4.700973e-02
3.610000e-01 4.710291e-02
3.620000e-01 4.719579e-02
3.630000e-01 4.728835e-02
3.640000e-01 4.738059e-02
3.650000e-01 4.747252e-02
3.660000e-01 4.756412e-02
3.670000e-01 4.765542e-02
3.680000e-01 4.774639e-02
3.690000e-01 4.783704e-02
3.700000e-01 4.792737e-02
3.710000e-01 4.801738e-02
3.720000e-01 4.810706e-02
3.730000e-01 4.819642e-02
3.740000e-01 4.828546e-02
3.750000e-01 4.837417e-02
3.760000e-01 4.846255e-02
3.770000e-01 4.855061e-02
3.780000e-01 4.863834e-02
3.790000e-01 4.872573e-02
3.800000e-01 4.881280e-02
3.810000e-01 4.889954e-02
3.820000e-01 4.898594e-02
3.830000e-01 4.907202e-02
3.840000e-01 4.915775e-02
3.850000e-01 4.924316e-02
3.860000e-01 4.932822e-02
3.870000e-01 4.941296e-02
3.880000e-01 4.949735e-02
3.890000e-01 4.958140e-02
3.900000e-01 4.966512e-02
3.910000e-01 4.974849e-02
3.920000e-01 4.983153e-02
3.930000e-01 4.991422e-02
3.940000e-01 4.999657e-02
3.950000e-01 5.007857e-02
3.960000e-01 5.016023e-02
3.970000e-01 5.024154e-02
3.980000e-01 5.032251e-02
3.990000e-01 5.040313e-02
4.000000e-01 5.048340e-02
4.010000e-01 5.056332e-02
4.020000e-01 5.064289e-02
4.030000e-01 5.072211e-02
4.040000e-01 5.080098e-02
4.050000e-01 5.087949e-02
4.060000e-01 5.095765e-02
4.070000e-01 5.103546e-02
4.080000e-01 5.111290e-02
4.090000e-01 5.119000e-02
4.100000e-01 5.126673e-02
4.110000e-01 5.134310e-02
4.120000e-01 5.141912e-02
4.130000e-01 5.149478e-02
4.140000e-01 5.157007e-02
4.150000e-01 5.164500e-02
4.160000e-01 5.171957e-02
4.170000e-01 5.179377e-02
4.180000e-01 5.186761e-02
4.190000e-01 5.194108e-02
4.200000e-01 5.201419e-02
4.210000e-01 5.208692e-02
4.220000e-01 5.215929e-02
4.230000e-01 5.223129e-02
4.240000e-01 5.230292e-02
4.250000e-01 5.237417e-02
4.260000e-01 5.244506e-02
4.270000e-01 5.251557e-02
4.280000e-01 5.258570e-02
4.290000e-01 5.265546e-02
4.300000e-01 5.272484e-02
4.310000e-01 5.279385e-02
4.320000e-01 5.286248e-02
4.330000e-01 5.293073e-02
4.340000e-01 5.299859e-02
4.350000e-01 5.306608e-02
4.360000e-01 5.313319e-02
4.370000e-01 5.319991e-02
4.380000e-01 5.326625e-02
4.390000e-01 5.333220e-02
4.400000e-01 5.339777e-02
4.410000e-01 5.346295e-02
4.420000e-01 5.352775e-02
4.430000e-01 5.359216e-02
4.440000e-01 5.365617e-02
4.450000e-01 5.371980e-02
4.460000e-01 5.378303e-02
4.470000e-01 5.384588e-02
4.480000e-01 5.390833e-02
4.490000e-01 5.397038e-02
4.500000e-01 5.403204e-02
4.510000e-01 5.409331e-02
4.520000e-01 5.415417e-02
4.530000e-01 5.421464e-02
4.540000e-01 5.427471e-02
4.550000e-01 5.433439e-02
4.560000e-01 5.439366e-02
4.570000e-01 5.445253e-02
4.580000e-01 5.451099e-02
4.590000e-01 5.456906e-02
4.600000e-01 5.462671e-02
4.610000e-01 5.468397e-02
4.620000e-01 5.474081e-02
4.630000e-01 5.479725e-02
4.640000e-01 5.485328e-02
4.650000e-01 5.490891e-02
4.660000e-01 5.496412e-02
4.670000e-01 5.501892e-02
4.680000e-01 5.507331e-02
4.690000e-01 5.512729e-02
4.700000e-01 5.518085e-02
4.710000e-01 5.523400e-02
4.720000e-01 5.528673e-02
4.730000e-01 5.533904e-02
4.740000e-01 5.539094e-02
4.750000e-01 5.544242e-02
4.760000e-01 5.549348e-02
4.770000e-01 5.554412e-02
4.780000e-01 5.559433e-02
4.790000e-01 5.564413e-02
4.800000e-01 5.569350e-02
4.810000e-01 5.574245e-02
4.820000e-01 5.579097e-02
4.830000e-01 5.583906e-02
4.840000e-01 5.588673e-02
4.850000e-01 5.593397e-02
4.860000e-01 5.598079e-02
4.870000e-01 5.602717e-02
4.880000e-01 5.607312e-02
4.890000e-01 5.611864e-02
4.900000e-01 5.616372e-02
4.910000e-01 5.620837e-02
4.920000e-01 5.625259e-02
4.930000e-01 5.629637e-02
4.940000e-01 5.633972e-02
4.950000e-01 5.638262e-02
4.960000e-01 5.642509e-02
4.970000e-01 5.646712e-02
4.980000e-01 5.650871e-02
4.990000e-01 5.654985e-02
5.000000e-01 5.659056e-02
5.010000e-01 5.663082e-02
5.020000e-01 5.667064e-02
5.030000e-01 5.671001e-02
5.040000e-01 5.674893e-02
5.050000e-01 5.678741e-02
5.060000e-01 5.682544e-02
5.070000e-01 5.686302e-02
5.080000e-01 5.690015e-02
5.090000e-01 5.693683e-02
5.100000e-01 5.697305e-02
5.110000e-01 5.700883e-02
5.120000e-01 5.704415e-02
5.130000e-01 5.707901e-02
5.140000e-01 5.711342e-02
5.150000e-01 5.714737e-02
5.160000e-01 5.718087e-02
5.170000e-01 5.721390e-02
5.180000e-01 5.724648e-02
5.190000e-01 5.727859e-02
5.200000e-01 5.731025e-02
5.210000e-01 5.734144e-02
5.220000e-01 5.737216e-02
5.230000e-01 5.740243e-02
5.240000e-01 5.743222e-02
5.250000e-01 5.746155e-02
5.260000e-01 5.749041e-02
5.270000e-01 5.751881e-02
5.280000e-01 5.754673e-02
5.290000e-01 5.757419e-02
5.300000e-01 5.760117e-02
5.310000e-01 5.762768e-02
5.320000e-01 5.765372e-02
5.330000e-01 5.767928e-02
5.340000e-01 5.770437e-02
5.350000e-01 5.772898e-02
5.360000e-01 5.775311e-02
5.370000e-01 5.777677e-02
5.380000e-01 5.779994e-02
5.390000e-01 5.782264e-02
5.400000e-01 5.784485e-02
5.410000e-01 5.786659e-02
5.420000e-01 5.788783e-02
5.430000e-01 5.790860e-02
5.440000e-01 5.792888e-02
5.450000e-01 5.794867e-02
5.460000e-01 5.796798e-02
5.470000e-01 5.798680e-02
5.480000e-01 5.800513e-02
5.490000e-01 5.802297e-02
5.500000e-01 5.804032e-02
5.510000e-01 5.805718e-02
5.520000e-01 5.807354e-02
5.530000e-01 5.808941e-02
5.540000e-01 5.810479e-02
5.550000e-01 5.811967e-02
5.560000e-01 5.813405e-02
5.570000e-01 5.814793e-02
5.580000e-01 5.816132e-02
5.590000e-01 5.817420e-02
5.600000e-01 5.818659e-02
5.610000e-01 5.819847e-02
5.620000e-01 5.820985e-02
5.630000e-01 5.822073e-02
5.640000e-01 5.823110e-02
5.650000e-01 5.824097e-02
5.660000e-01 5.825033e-02
5.670000e-01 5.825918e-02
5.680000e-01 5.826752e-02
5.690000e-01 5.827536e-02
5.700000e-01 5.828268e-02
5.710000e-01 5.828949e-02
5.720000e-01 5.829579e-02
5.730000e-01 5.830157e-02
5.740000e-01 5.830684e-02
5.750000e-01 5.831160e-02
5.760000e-01 5.831583e-02
5.770000e-01 5.831955e-02
5.780000e-01 5.832275e-02
5.790000e-01 5.832544e-02
5.800000e-01 5.832760e-02
5.810000e-01 5.832923e-02
5.820000e-01 5.833035e-02
5.830000e-01 5.833094e-02
5.840000e-01 5.833101e-02
5.850000e-01 5.833055e-02
5.860000e-01 5.832957e-02
5.870000e-01 5.832806e-02
5.880000e-01 5.832602e-02
5.890000e-01 5.832345e-02
5.900000e-01 5.832034e-02
5.910000e-01 5.831671e-02
5.920000e-01 5.831255e-02
5.930000e-01 5.830785e-02
5.940000e-01 5.830261e-02
5.950000e-01 5.829684e-02
5.960000e-01 5.829054e-02
5.970000e-01 5.828369e-02
5.980000e-01 5.827631e-02
5.990000e-01 5.826839e-02
6.000000e-01 5.825993e-02
6.010000e-01 5.825092e-02
6.020000e-01 5.824137e-02
6.030000e-01 5.823128e-02
6.040000e-01 5.822065e-02
6.050000e-01 5.820946e-02
6.060000e-01 5.819773e-02
6.070000e-01 5.818546e-02
6.080000e-01 5.817263e-02
6.090000e-01 5.815926e-02
6.100000e-01 5.814533e-02
6.110000e-01 5.813085e-02
6.120000e-01 5.811582e-02
6.130000e-01 5.810024e-02
6.140000e-01 5.808410e-02
6.150000e-01 5.806740e-02
6.160000e-01 5.805015e-02
6.170000e-01 5.803234e-02
6.180000e-01 5.801397e-02
6.190000e-01 5.799504e-02
6.200000e-01 5.797555e-02
6.210000e-01 5.795550e-02
6.220000e-01 5.793488e-02
6.230000e-01 5.791370e-02
6.240000e-01 5.789196e-02
6.250000e-01 5.786965e-02
6.260000e-01 5.784677e-02
6.270000e-01 5.782333e-02
6.280000e-01 5.779931e-02
6.290000e-01 5.777473e-02
6.300000e-01 5.774957e-02
6.310000e-01 5.772384e-02
6.320000e-01 5.769754e-02
6.330000e-01 5.767066e-02
6.340000e-01 5.764321e-02
6.350000e-01 5.761518e-02
6.360000e-01 5.758658e-02
6.370000e-01 5.755739e-02
6.380000e-01 5.752763e-02
6.390000e-01 5.749729e-02
6.400000e-01 5.746636e-02
6.410000e-01 5.743485e-02
6.420000e-01 5.740276e-02
6.430000e-01 5.737009e-02
6.440000e-01 5.733682e-02
6.450000e-01 5.730298e-02
6.460000e-01 5.726854e-02
6.470000e-01 5.723352e-02
6.480000e-01 5.719790e-02
6.490000e-01 5.716170e-02
6.500000e-01 5.712490e-02
6.510000e-01 5.708751e-02
6.520000e-01 5.704953e-02
6.530000e-01 5.701095e-02
6.540000e-01 5.697177e-02
6.550000e-01 5.693200e-02
6.560000e-01 5.689163e-02
6.570000e-01 5.685066e-02
6.580000e-01 5.680909e-02
6.590000e-01 5.676692e-02
6.600000e-01 5.672415e-02
6.610000e-01 5.668077e-02
6.620000e-01 5.663679e-02
6.630000e-01 5.659221e-02
6.640000e-01 5.654702e-02
6.650000e-01 5.650122e-02
6.660000e-01 5.645481e-02
6.670000e-01 5.640779e-02
6.680000e-01 5.636016e-02
6.690000e-01 5.631192e-02
6.700000e-01 5.626307e-02
6.710000e-01 5.621361e-02
6.720000e-01 5.616352e-02
6.730000e-01 5.611283e-02
6.740000e-01 5.606151e-02
6.750000e-01 5.600958e-02
6.760000e-01 5.595703e-02
6.770000e-01 5.590386e-02
6.780000e-01 5.585007e-02
6.790000e-01 5.579566e-02
6.800000e-01 5.574062e-02
6.810000e-01 5.568496e-02
6.820000e-01 5.562867e-02
6.830000e-01 5.557176e-02
6.840000e-01 5.551422e-02
6.850000e-01 5.545605e-02
6.860000e-01 5.539725e-02
6.870000e-01 5.533782e-02
6.880000e-01 5.527776e-02
6.890000e-01 5.521707e-02
6.900000e-01 5.515574e-02
6.910000e-01 5.509378e-02
6.920000e-01 5.503118e-02
6.930000e-01 5.496795e-02
6.940000e-01 5.490407e-02
6.950000e-01 5.483956e-02
6.960000e-01 5.477441e-02
6.970000e-01 5.470861e-02
6.980000e-01 5.464218e-02
6.990000e-01 5.457510e-02
7.000000e-01 5.450738e-02
7.010000e-01 5.443901e-02
7.020000e-01 5.436999e-02
7.030000e-01 5.430033e-02
7.040000e-01 5.423002e-02
7.050000e-01 5.415906e-02
7.060000e-01 5.408744e-02
7.070000e-01 5.401518e-02
7.080000e-01 5.394226e-02
7.090000e-01 5.386869e-02
7.100000e-01 5.379446e-02
7.110000e-01 5.371958e-02
7.120000e-01 5.364404e-02
7.130000e-01 5.356784e-02
7.140000e-01 5.349098e-02
7.150000e-01 5.341347e-02
7.160000e-01 5.333529e-02
7.170000e-01 5.325644e-02
7.180000e-01 5.317694e-02
7.190000e-01 5.309677e-02
7.200000e-01 5.301593e-02
7.210000e-01 5.293442e-02
7.220000e-01 5.285225e-02
7.230000e-01 5.276941e-02
7.240000e-01 5.268590e-02
7.250000e-01 5.260172e-02
7.260000e-01 5.251686e-02
7.270000e-01 5.243133e-02
7.280000e-01 5.234513e-02
7.290000e-01 5.225825e-02
7.300000e-01 5.217069e-02
7.310000e-01 5.208246e-02
7.320000e-01 5.199355e-02
7.330000e-01 5.190396e-02
7.340000e-01 5.181368e-02
7.350000e-01 5.172273e-02
7.360000e-01 5.163109e-02
7.370000e-01 5.153876e-02
7.380000e-01 5.144576e-02
7.390000e-01 5.135206e-02
7.400000e-01 5.125768e-02
7.410000e-01 5.116261e-02
7.420000e-01 5.106684e-02
7.430000e-01 5.097039e-02
7.440000e-01 5.087325e-02
7.450000e-01 5.077541e-02
7.460000e-01 5.067688e-02
7.470000e-01 5.057765e-02
7.480000e-01 5.047773e-02
7.490000e-01 5.037711e-02
7.500000e-01 5.027579e-02
7.510000e-01 5.017377e-02
7.520000e-01 5.007105e-02
7.530000e-01 4.996762e-02
7.540000e-01 4.986350e-02
7.550000e-01 4.975867e-02
7.560000e-01 4.965313e-02
7.570000e-01 4.954689e-02
7.580000e-01 4.943994e-02
7.590000e-01 4.933229e-02
7.600000e-01 4.922392e-02
7.610000e-01 4.911484e-02
7.620000e-01 4.900505e-02
7.630000e-01 4.889455e-02
7.640000e-01 4.878334e-02
7.650000e-01 4.867140e-02
7.660000e-01 4.855876e-02
7.670000e-01 4.844539e-02
7.680000e-01 4.833131e-02
7.690000e-01 4.821650e-02
7.700000e-01 4.810098e-02
7.710000e-01 4.798473e-02
7.720000e-01 4.786776e-02
7.730000e-01 4.775007e-02
7.740000e-01 4.763165e-02
7.750000e-01 4.751250e-02
7.760000e-01 4.739263e-02
7.770000e-01 4.727203e-02
7.780000e-01 4.715070e-02
7.790000e-01 4.702864e-02
7.800000e-01 4.690584e-02
7.810000e-01 4.678232e-02
7.820000e-01 4.665806e-02
7.830000e-01 4.653306e-02
7.840000e-01 4.640733e-02
7.850000e-01 4.628086e-02
7.860000e-01 4.615365e-02
7.870000e-01 4.602570e-02
7.880000e-01 4.589701e-02
7.890000e-01 4.576758e-02
7.900000e-01 4.563740e-02
7.910000e-01 4.550648e-02
7.920000e-01 4.537482e-02
7.930000e-01 4.524240e-02
7.940000e-01 4.510924e-02
7.950000e-01 4.497534e-02
7.960000e-01 4.484068e-02
7.970000e-01 4.470527e-02
7.980000e-01 4.456911e-02
7.990000e-01 4.443219e-02
8.000000e-01 4.429452e-02
8.010000e-01 4.415609e-02
8.020000e-01 4.401691e-02
8.030000e-01 4.387697e-02
8.040000e-01 4.373627e-02
8.050000e-01 4.359481e-02
8.060000e-01 4.345259e-02
8.070000e-01 4.330961e-02
8.080000e-01 4.316586e-02
8.090000e-01 4.302135e-02
8.100000e-01 4.287607e-02
8.110000e-01 4.273002e-02
8.120000e-01 4.258321e-02
8.130000e-01 4.243563e-02
8.140000e-01 4.228727e-02
8.150000e-01 4.213815e-02
8.160000e-01 4.198825e-02
8.170000e-01 4.183758e-02
8.180000e-01 4.168613e-02
8.190000e-01 4.153390e-02
8.200000e-01 4.138090e-02
8.210000e-01 4.122712e-02
8.220000e-01 4.107256e-02
8.230000e-01 4.091722e-02
8.240000e-01 4.076110e-02
8.250000e-01 4.060419e-02
8.260000e-01 4.044650e-02
8.270000e-01 4.028803e-02
8.280000e-01 4.012877e-02
8.290000e-01 3.996872e-02
8.300000e-01 3.980788e-02
8.310000e-01 3.964625e-02
8.320000e-01 3.948383e-02
8.330000e-01 3.932061e-02
8.340000e-01 3.915660e-02
8.350000e-01 3.899180e-02
8.360000e-01 3.882620e-02
8.370000e-01 3.865981e-02
8.380000e-01 3.849262e-02
8.390000e-01 3.832462e-02
8.400000e-01 3.815583e-02
8.410000e-01 3.798623e-02
8.420000e-01 3.781583e-02
8.430000e-01 3.764463e-02
8.440000e-01 3.747262e-02
8.450000e-01 3.729981e-02
8.460000e-01 3.712619e-02
8.470000e-01 3.695176e-02
8.480000e-01 3.677651e-02
8.490000e-01 3.660046e-02
8.500000e-01 3.642360e-02
8.510000e-01 3.624592e-02
8.520000e-01 3.606743e-02
8.530000e-01 3.588812e-02
8.540000e-01 3.570799e-02
8.550000e-01 3.552705e-02
8.560000e-01 3.534528e-02
8.570000e-01 3.516270e-02
8.580000e-01 3.497929e-02
8.590000e-01 3.479506e-02
8.600000e-01 3.461001e-02
8.610000e-01 3.442413e-02
8.620000e-01 3.423742e-02
8.630000e-01 3.404989e-02
8.640000e-01 3.386153e-02
8.650000e-01 3.367233e-02
8.660000e-01 3.348231e-02
8.670000e-01 3.329145e-02
8.680000e-01 3.309976e-02
8.690000e-01 3.290724e-02
8.700000e-01 3.271388e-02
8.710000e-01 3.251968e-02
8.720000e-01 3.232464e-02
8.730000e-01 3.212876e-02
8.740000e-01 3.193205e-02
8.750000e-01 3.173449e-02
8.760000e-01 3.153608e-02
8.770000e-01 3.133684e-02
8.780000e-01 3.113674e-02
8.790000e-01 3.093580e-02
8.800000e-01 3.073402e-02
8.810000e-01 3.053138e-02
8.820000e-01 3.032789e-02
8.830000e-01 3.012355e-02
8.840000e-01 2.991836e-02
8.850000e-01 2.971231e-02
8.860000e-01 2.950541e-02
8.870000e-01 2.929765e-02
8.880000e-01 2.908904e-02
8.890000e-01 2.887956e-02
8.900000e-01 2.866923e-02
8.910000e-01 2.845803e-02
8.920000e-01 2.824598e-02
8.930000e-01 2.803305e-02
8.940000e-01 2.781927e-02
8.950000e-01 2.760461e-02
8.960000e-01 2.738909e-02
8.970000e-01 2.717270e-02
8.980000e-01 2.695544e-02
8.990000e-01 2.673731e-02
9.000000e-01 2.651831e-02
9.010000e-01 2.629843e-02
9.020000e-01 2.607768e-02
9.030000e-01 2.585606e-02
9.040000e-01 2.563355e-02
9.050000e-01 2.541017e-02
9.060000e-01 2.518591e-02
9.070000e-01 2.496076e-02
9.080000e-01 2.473474e-02
9.090000e-01 2.450783e-02
9.100000e-01 2.428004e-02
9.110000e-01 2.405136e-02
9.120000e-01 2.382180e-02
9.130000e-01 2.359134e-02
9.140000e-01 2.336000e-02
9.150000e-01 2.312777e-02
9.160000e-01 2.289464e-02
9.170000e-01 2.266062e-02
9.180000e-01 2.242571e-02
9.190000e-01 2.218990e-02
9.200000e-01 2.195320e-02
9.210000e-01 2.171559e-02
9.220000e-01 2.147709e-02
9.230000e-01 2.123769e-02
9.240000e-01 2.099738e-02
9.250000e-01 2.075618e-02
9.260000e-01 2.051406e-02
9.270000e-01 2.027105e-02
9.280000e-01 2.002712e-02
9.290000e-01 1.978229e-02
9.300000e-01 1.953655e-02
9.310000e-01 1.928990e-02
9.320000e-01 1.904233e-02
9.330000e-01 1.879386e-02
9.340000e-01 1.854447e-02
9.350000e-01 1.829416e-02
9.360000e-01 1.804294e-02
9.370000e-01 1.779080e-02
9.380000e-01 1.753774e-02
9.390000e-01 1.728376e-02
9.400000e-01 1.702885e-02
9.410000e-01 1.677303e-02
9.420000e-01 1.651628e-02
9.430000e-01 1.625861e-02
9.440000e-01 1.600000e-02
9.450000e-01 1.574047e-02
9.460000e-01 1.548002e-02
9.470000e-01 1.521863e-02
9.480000e-01 1.495630e-02
9.490000e-01 1.469305e-02
9.500000e-01 1.442886e-02
9.510000e-01 1.416374e-02
9.520000e-01 1.389768e-02
9.530000e-01 1.363068e-02
9.540000e-01 1.336274e-02
9.550000e-01 1.309386e-02
9.560000e-01 1.282404e-02
9.570000e-01 1.255328e-02
9.580000e-01 1.228157e-02
9.590000e-01 1.200891e-02
9.600000e-01 1.173531e-02
9.610000e-01 1.146076e-02
9.620000e-01 1.118526e-02
9.630000e-01 1.090881e-02
9.640000e-01 1.063141e-02
9.650000e-01 1.035306e-02
9.660000e-01 1.007375e-02
9.670000e-01 9.793480e-03
9.680000e-01 9.512257e-03
9.690000e-01 9.230075e-03
9.700000e-01 8.946934e-03
9.710000e-01 8.662831e-03
9.720000e-01 8.377767e-03
9.730000e-01 8.091738e-03
9.740000e-01 7.804745e-03
9.750000e-01 7.516785e-03
9.760000e-01 7.227858e-03
9.770000e-01 6.937963e-03
9.780000e-01 6.647097e-03
9.790000e-01 6.355260e-03
9.800000e-01 6.062450e-03
9.810000e-01 5.768666e-03
9.820000e-01 5.473907e-03
9.830000e-01 5.178172e-03
9.840000e-01 4.881458e-03
9.850000e-01 4.583766e-03
9.860000e-01 4.285093e-03
9.870000e-01 3.985438e-03
9.880000e-01 3.684801e-03
9.890000e-01 3.383179e-03
9.900000e-01 3.080571e-03
9.910000e-01 2.776977e-03
9.920000e-01 2.472394e-03
9.930000e-01 2.166822e-03
9.940000e-01 1.860259e-03
9.950000e-01 1.552704e-03
9.960000e-01 1.244155e-03
9.970000e-01 9.346118e-04
9.980000e-01 6.240723e-04
9.990000e-01 3.125355e-04
