0.000000e+00 0.000000e+00
1.000000e-03 1.339341e-04
2.000000e-03 2.678675e-04
3.000000e-03 4.017997e-04
4.000000e-03 5.357298e-04
5.000000e-03 6.696574e-04
6.000000e-03 8.035816e-04
7.000000e-03 9.375019e-04
8.000000e-03 1.071418e-03
9.000000e-03 1.205328e-03
1.000000e-02 1.339233e-03
1.100000e-02 1.473131e-03
1.200000e-02 1.607022e-03
1.300000e-02 1.740905e-03
1.400000e-02 1.874779e-03
1.500000e-02 2.008644e-03
1.600000e-02 2.142500e-03
1.700000e-02 2.276344e-03
1.800000e-02 2.410178e-03
1.900000e-02 2.544000e-03
2.000000e-02 2.677810e-03
2.100000e-02 2.811606e-03
2.200000e-02 2.945388e-03
2.300000e-02 3.079156e-03
2.400000e-02 3.212909e-03
2.500000e-02 3.346646e-03
2.600000e-02 3.480367e-03
2.700000e-02 3.614071e-03
2.800000e-02 3.747757e-03
2.900000e-02 3.881424e-03
3.000000e-02 4.015072e-03
3.100000e-02 4.148701e-03
3.200000e-02 4.282309e-03
3.300000e-02 4.415896e-03
3.400000e-02 4.549461e-03
3.500000e-02 4.683004e-03
3.600000e-02 4.816524e-03
3.700000e-02 4.950020e-03
3.800000e-02 5.083492e-03
3.900000e-02 5.216938e-03
4.000000e-02 5.350359e-03
4.100000e-02 5.483754e-03
4.200000e-02 5.617121e-03
4.300000e-02 5.750460e-03
4.400000e-02 5.883771e-03
4.500000e-02 6.017053e-03
4.600000e-02 6.150305e-03
4.700000e-02 6.283527e-03
4.800000e-02 6.416718e-03
4.900000e-02 6.549876e-03
5.000000e-02 6.683002e-03
5.100000e-02 6.816095e-03
5.200000e-02 6.949154e-03
5.300000e-02 7.082179e-03
5.400000e-02 7.215168e-03
5.500000e-02 7.348122e-03
5.600000e-02 7.481039e-03
5.700000e-02 7.613918e-03
5.800000e-02 7.746760e-03
5.900000e-02 7.879563e-03
6.000000e-02 8.012326e-03
6.100000e-02 8.145050e-03
6.200000e-02 8.277733e-03
6.300000e-02 8.410374e-03
6.400000e-02 8.542973e-03
6.500000e-02 8.675530e-03
6.600000e-02 8.808043e-03
6.700000e-02 8.940511e-03
6.800000e-02 9.072935e-03
6.900000e-02 9.205314e-03
7.000000e-02 9.337646e-03
7.100000e-02 9.469930e-03
7.200000e-02 9.602168e-03
7.300000e-02 9.734357e-03
7.400000e-02 9.866496e-03
7.500000e-02 9.998586e-03
7.600000e-02 1.013063e-02
7.700000e-02 1.026261e-02
7.800000e-02 1.039455e-02
7.900000e-02 1.052643e-02
8.000000e-02 1.065826e-02
8.100000e-02 1.079004e-02
8.200000e-02 1.092176e-02
8.300000e-02 1.105343e-02
8.400000e-02 1.118504e-02
8.500000e-02 1.131659e-02
8.600000e-02 1.144808e-02
8.700000e-02 1.157952e-02
8.800000e-02 1.171090e-02
8.900000e-02 1.184221e-02
9.000000e-02 1.197347e-02
9.100000e-02 1.210467e-02
9.200000e-02 1.223580e-02
9.300000e-02 1.236687e-02
9.400000e-02 1.249788e-02
9.500000e-02 1.262882e-02
9.600000e-02 1.275970e-02
9.700000e-02 1.289051e-02
9.800000e-02 1.302125e-02
9.900000e-02 1.315193e-02
1.000000e-01 1.328254e-02
1.010000e-01 1.341308e-02
1.020000e-01 1.354355e-02
1.030000e-01 1.367396e-02
1.040000e-01 1.380429e-02
1.050000e-01 1.393454e-02
1.060000e-01 1.406473e-02
1.070000e-01 1.419484e-02
1.080000e-01 1.432488e-02
1.090000e-01 1.445485e-02
1.100000e-01 1.458474e-02
1.110000e-01 1.471455e-02
1.120000e-01 1.484428e-02
1.130000e-01 1.497394e-02
1.140000e-01 1.510352e-02
1.150000e-01 1.523302e-02
1.160000e-01 1.536244e-02
1.170000e-01 1.549177e-02
1.180000e-01 1.562103e-02
1.190000e-01 1.575020e-02
1.200000e-01 1.587929e-02
1.210000e-01 1.600830e-02
1.220000e-01 1.613722e-02
1.230000e-01 1.626606e-02
1.240000e-01 1.639480e-02
1.250000e-01 1.652347e-02
1.260000e-01 1.665204e-02
1.270000e-01 1.678052e-02
1.280000e-01 1.690892e-02
1.290000e-01 1.703722e-02
1.300000e-01 1.716544e-02
1.310000e-01 1.729356e-02
1.320000e-01 1.742159e-02
1.330000e-01 1.754952e-02
1.340000e-01 1.767736e-02
1.350000e-01 1.780511e-02
1.360000e-01 1.793275e-02
1.370000e-01 1.806031e-02
1.380000e-01 1.818776e-02
1.390000e-01 1.831511e-02
1.400000e-01 1.844237e-02
1.410000e-01 1.856952e-02
1.420000e-01 1.869658e-02
1.430000e-01 1.882353e-02
1.440000e-01 1.895038e-02
1.450000e-01 1.907713e-02
1.460000e-01 1.920377e-02
1.470000e-01 1.933030e-02
1.480000e-01 1.945673e-02
1.490000e-01 1.958306e-02
1.500000e-01 1.970927e-02
1.510000e-01 1.983538e-02
1.520000e-01 1.996137e-02
1.530000e-01 2.008726e-02
1.540000e-01 2.021303e-02
1.550000e-01 2.033870e-02
1.560000e-01 2.046425e-02
1.570000e-01 2.058968e-02
1.580000e-01 2.071500e-02
1.590000e-01 2.084021e-02
1.600000e-01 2.096530e-02
1.610000e-01 2.109027e-02
1.620000e-01 2.121512e-02
1.630000e-01 2.133985e-02
1.640000e-01 2.146447e-02
1.650000e-01 2.158896e-02
1.660000e-01 2.171333e-02
1.670000e-01 2.183758e-02
1.680000e-01 2.196171e-02
1.690000e-01 2.208571e-02
1.700000e-01 2.220958e-02
1.710000e-01 2.233333e-02
1.720000e-01 2.245695e-02
1.730000e-01 2.258045e-02
1.740000e-01 2.270381e-02
1.750000e-01 2.282705e-02
1.760000e-01 2.295015e-02
1.770000e-01 2.307312e-02
1.780000e-01 2.319596e-02
1.790000e-01 2.331867e-02
1.800000e-01 2.344124e-02
1.810000e-01 2.356368e-02
1.820000e-01 2.368598e-02
1.830000e-01 2.380814e-02
1.840000e-01 2.393017e-02
1.850000e-01 2.405205e-02
1.860000e-01 2.417380e-02
1.870000e-01 2.429540e-02
1.880000e-01 2.441686e-02
1.890000e-01 2.453818e-02
1.900000e-01 2.465936e-02
1.910000e-01 2.478039e-02
1.920000e-01 2.490128e-02
1.930000e-01 2.502201e-02
1.940000e-01 2.514261e-02
1.950000e-01 2.526305e-02
1.960000e-01 2.538334e-02
1.970000e-01 2.550348e-02
1.980000e-01 2.562347e-02
1.990000e-01 2.574331e-02
2.000000e-01 2.586300e-02
2.010000e-01 2.598253e-02
2.020000e-01 2.610190e-02
2.030000e-01 2.622112e-02
2.040000e-01 2.634018e-02
2.050000e-01 2.645909e-02
2.060000e-01 2.657783e-02
2.070000e-01 2.669642e-02
2.080000e-01 2.681484e-02
2.090000e-01 2.693310e-02
2.100000e-01 2.705120e-02
2.110000e-01 2.716913e-02
2.120000e-01 2.728690e-02
2.130000e-01 2.740450e-02
2.140000e-01 2.752193e-02
2.150000e-01 2.763920e-02
2.160000e-01 2.775629e-02
2.170000e-01 2.787322e-02
2.180000e-01 2.798997e-02
2.190000e-01 2.810656e-02
2.200000e-01 2.822296e-02
2.210000e-01 2.833920e-02
2.220000e-01 2.845526e-02
2.230000e-01 2.857114e-02
2.240000e-01 2.868685e-02
2.250000e-01 2.880237e-02
2.260000e-01 2.891772e-02
2.270000e-01 2.903289e-02
2.280000e-01 2.914787e-02
2.290000e-01 2.926268e-02
2.300000e-01 2.937729e-02
2.310000e-01 2.949173e-02
2.320000e-01 2.960598e-02
2.330000e-01 2.972004e-02
2.340000e-01 2.983391e-02
2.350000e-01 2.994760e-02
2.360000e-01 3.006109e-02
2.370000e-01 3.017440e-02
2.380000e-01 3.028751e-02
2.390000e-01 3.040043e-02
2.400000e-01 3.051315e-02
2.410000e-01 3.062568e-02
2.420000e-01 3.073801e-02
2.430000e-01 3.085015e-02
2.440000e-01 3.096208e-02
2.450000e-01 3.107382e-02
2.460000e-01 3.118536e-02
2.470000e-01 3.129669e-02
2.480000e-01 3.140782e-02
2.490000e-01 3.151875e-02
2.500000e-01 3.162948e-02
2.510000e-01 3.173999e-02
2.520000e-01 3.185030e-02
2.530000e-01 3.196040e-02
2.540000e-01 3.207029e-02
2.550000e-01 3.217998e-02
2.560000e-01 3.228945e-02
2.570000e-01 3.239870e-02
2.580000e-01 3.250775e-02
2.590000e-01 3.261657e-02
2.600000e-01 3.272519e-02
2.610000e-01 3.283358e-02
2.620000e-01 3.294176e-02
2.630000e-01 3.304972e-02
2.640000e-01 3.315745e-02
2.650000e-01 3.326497e-02
2.660000e-01 3.337226e-02
2.670000e-01 3.347933e-02
2.680000e-01 3.358617e-02
2.690000e-01 3.369279e-02
2.700000e-01 3.379918e-02
2.710000e-01 3.390534e-02
2.720000e-01 3.401128e-02
2.730000e-01 3.411698e-02
2.740000e-01 3.422245e-02
2.750000e-01 3.432769e-02
2.760000e-01 3.443269e-02
2.770000e-01 3.453746e-02
2.780000e-01 3.464199e-02
2.790000e-01 3.474628e-02
2.800000e-01 3.485034e-02
2.810000e-01 3.495415e-02
2.820000e-01 3.505773e-02
2.830000e-01 3.516106e-02
2.840000e-01 3.526415e-02
2.850000e-01 3.536700e-02
2.860000e-01 3.546960e-02
2.870000e-01 3.557195e-02
2.880000e-01 3.567405e-02
2.890000e-01 3.577591e-02
2.900000e-01 3.587752e-02
2.910000e-01 3.597887e-02
2.920000e-01 3.607997e-02
2.930000e-01 3.618082e-02
2.940000e-01 3.628141e-02
2.950000e-01 3.638175e-02
2.960000e-01 3.648183e-02
2.970000e-01 3.658165e-02
2.980000e-01 3.668121e-02
2.990000e-01 3.678052e-02
3.000000e-01 3.687956e-02
3.010000e-01 3.697833e-02
3.020000e-01 3.707684e-02
3.030000e-01 3.717509e-02
3.040000e-01 3.727307e-02
3.050000e-01 3.737078e-02
3.060000e-01 3.746822e-02
3.070000e-01 3.756540e-02
3.080000e-01 3.766230e-02
3.090000e-01 3.775893e-02
3.100000e-01 3.785528e-02
3.110000e-01 3.795136e-02
3.120000e-01 3.804716e-02
3.130000e-01 3.814269e-02
3.140000e-01 3.823794e-02
3.150000e-01 3.833291e-02
3.160000e-01 3.842759e-02
3.170000e-01 3.852200e-02
3.180000e-01 3.861612e-02
3.190000e-01 3.870996e-02
3.200000e-01 3.880351e-02
3.210000e-01 3.889677e-02
3.220000e-01 3.898975e-02
3.230000e-01 3.908243e-02
3.240000e-01 3.917483e-02
3.250000e-01 3.926693e-02
3.260000e-01 3.935874e-02
3.270000e-01 3.945026e-02
3.280000e-01 3.954148e-02
3.290000e-01 3.963240e-02
3.300000e-01 3.972303e-02
3.310000e-01 3.981336e-02
3.320000e-01 3.990338e-02
3.330000e-01 3.999311e-02
3.340000e-01 4.008253e-02
3.350000e-01 4.017165e-02
3.360000e-01 4.026046e-02
3.370000e-01 4.034897e-02
3.380000e-01 4.043717e-02
3.390000e-01 4.052506e-02
3.400000e-01 4.061264e-02
3.410000e-01 4.069991e-02
3.420000e-01 4.078686e-02
3.430000e-01 4.087351e-02
3.440000e-01 4.095984e-02
3.450000e-01 4.104585e-02
3.460000e-01 4.113154e-02
3.470000e-01 4.121692e-02
3.480000e-01 4.130197e-02
3.490000e-01 4.138671e-02
3.500000e-01 4.147112e-02
3.510000e-01 4.155521e-02
3.520000e-01 4.163897e-02
3.530000e-01 4.172241e-02
3.540000e-01 4.180552e-02
3.550000e-01 4.188831e-02
3.560000e-01 4.197076e-02
3.570000e-01 4.205288e-02
3.580000e-01 4.213467e-02
3.590000e-01 4.221613e-02
3.600000e-01 4.229725e-02
3.610000e-01 4.237804e-02
3.620000e-01 4.245849e-02
3.630000e-01 4.253860e-02
3.640000e-01 4.261837e-02
3.650000e-01 4.269780e-02
3.660000e-01 4.277689e-02
3.670000e-01 4.285564e-02
3.680000e-01 4.293404e-02
3.690000e-01 4.301210e-02
3.700000e-01 4.308981e-02
3.710000e-01 4.316717e-02
3.720000e-01 4.324418e-02
3.730000e-01 4.332085e-02
3.740000e-01 4.339716e-02
3.750000e-01 4.347312e-02
3.760000e-01 4.354872e-02
3.770000e-01 4.362397e-02
3.780000e-01 4.369886e-02
3.790000e-01 4.377340e-02
3.800000e-01 4.384757e-02
3.810000e-01 4.392139e-02
3.820000e-01 4.399484e-02
3.830000e-01 4.406793e-02
3.840000e-01 4.414066e-02
3.850000e-01 4.421302e-02
3.860000e-01 4.428502e-02
3.870000e-01 4.435665e-02
3.880000e-01 4.442791e-02
3.890000e-01 4.449880e-02
3.900000e-01 4.456932e-02
3.910000e-01 4.463946e-02
3.920000e-01 4.470924e-02
3.930000e-01 4.477864e-02
3.940000e-01 4.484766e-02
3.950000e-01 4.491631e-02
3.960000e-01 4.498457e-02
3.970000e-01 4.505246e-02
3.980000e-01 4.511997e-02
3.990000e-01 4.518709e-02
4.000000e-01 4.525384e-02
4.010000e-01 4.532019e-02
4.020000e-01 4.538617e-02
4.030000e-01 4.545175e-02
4.040000e-01 4.551695e-02
4.050000e-01 4.558176e-02
4.060000e-01 4.564618e-02
4.070000e-01 4.571021e-02
4.080000e-01 4.577384e-02
4.090000e-01 4.583708e-02
4.100000e-01 4.589993e-02
4.110000e-01 4.596238e-02
4.120000e-01 4.602443e-02
4.130000e-01 4.608608e-02
4.140000e-01 4.614734e-02
4.150000e-01 4.620819e-02
4.160000e-01 4.626864e-02
4.170000e-01 4.632869e-02
4.180000e-01 4.638833e-02
4.190000e-01 4.644757e-02
4.200000e-01 4.650640e-02
4.210000e-01 4.656482e-02
4.220000e-01 4.662284e-02
4.230000e-01 4.668044e-02
4.240000e-01 4.673763e-02
4.250000e-01 4.679441e-02
4.260000e-01 4.685078e-02
4.270000e-01 4.690673e-02
4.280000e-01 4.696227e-02
4.290000e-01 4.701738e-02
4.300000e-01 4.707208e-02
4.310000e-01 4.712636e-02
4.320000e-01 4.718022e-02
4.330000e-01 4.723366e-02
4.340000e-01 4.728668e-02
4.350000e-01 4.733927e-02
4.360000e-01 4.739144e-02
4.370000e-01 4.744318e-02
4.380000e-01 4.749449e-02
4.390000e-01 4.754537e-02
4.400000e-01 4.759583e-02
4.410000e-01 4.764585e-02
4.420000e-01 4.769544e-02
4.430000e-01 4.774460e-02
4.440000e-01 4.779333e-02
4.450000e-01 4.784162e-02
4.460000e-01 4.788947e-02
4.470000e-01 4.793689e-02
4.480000e-01 4.798387e-02
4.490000e-01 4.803040e-02
4.500000e-01 4.807650e-02
4.510000e-01 4.812216e-02
4.520000e-01 4.816737e-02
4.530000e-01 4.821214e-02
4.540000e-01 4.825647e-02
4.550000e-01 4.830034e-02
4.560000e-01 4.834378e-02
4.570000e-01 4.838676e-02
4.580000e-01 4.842929e-02
4.590000e-01 4.847138e-02
4.600000e-01 4.851301e-02
4.610000e-01 4.855419e-02
4.620000e-01 4.859491e-02
4.630000e-01 4.863519e-02
4.640000e-01 4.867500e-02
4.650000e-01 4.871436e-02
4.660000e-01 4.875326e-02
4.670000e-01 4.879171e-02
4.680000e-01 4.882969e-02
4.690000e-01 4.886721e-02
4.700000e-01 4.890427e-02
4.710000e-01 4.894087e-02
4.720000e-01 4.897701e-02
4.730000e-01 4.901267e-02
4.740000e-01 4.904788e-02
4.750000e-01 4.908262e-02
4.760000e-01 4.911688e-02
4.770000e-01 4.915068e-02
4.780000e-01 4.918401e-02
4.790000e-01 4.921687e-02
4.800000e-01 4.924926e-02
4.810000e-01 4.928118e-02
4.820000e-01 4.931262e-02
4.830000e-01 4.934358e-02
4.840000e-01 4.937408e-02
4.850000e-01 4.940409e-02
4.860000e-01 4.943363e-02
4.870000e-01 4.946268e-02
4.880000e-01 4.949126e-02
4.890000e-01 4.951936e-02
4.900000e-01 4.954698e-02
4.910000e-01 4.957411e-02
4.920000e-01 4.960076e-02
4.930000e-01 4.962693e-02
4.940000e-01 4.965261e-02
4.950000e-01 4.967781e-02
4.960000e-01 4.970251e-02
4.970000e-01 4.972673e-02
4.980000e-01 4.975047e-02
4.990000e-01 4.977371e-02
5.000000e-01 4.979646e-02
5.010000e-01 4.981872e-02
5.020000e-01 4.984049e-02
5.030000e-01 4.986176e-02
5.040000e-01 4.988254e-02
5.050000e-01 4.990283e-02
5.060000e-01 4.992262e-02
5.070000e-01 4.994191e-02
5.080000e-01 4.996071e-02
5.090000e-01 4.997900e-02
5.100000e-01 4.999680e-02
5.110000e-01 5.001410e-02
5.120000e-01 5.003089e-02
5.130000e-01 5.004719e-02
5.140000e-01 5.006298e-02
5.150000e-01 5.007827e-02
5.160000e-01 5.009305e-02
5.170000e-01 5.010733e-02
5.180000e-01 5.012111e-02
5.190000e-01 5.013437e-02
5.200000e-01 5.014713e-02
5.210000e-01 5.015939e-02
5.220000e-01 5.017113e-02
5.230000e-01 5.018236e-02
5.240000e-01 5.019308e-02
5.250000e-01 5.020329e-02
5.260000e-01 5.021299e-02
5.270000e-01 5.022218e-02
5.280000e-01 5.023085e-02
5.290000e-01 5.023901e-02
5.300000e-01 5.024665e-02
5.310000e-01 5.025378e-02
5.320000e-01 5.026039e-02
5.330000e-01 5.026648e-02
5.340000e-01 5.027206e-02
5.350000e-01 5.027711e-02
5.360000e-01 5.028165e-02
5.370000e-01 5.028567e-02
5.380000e-01 5.028916e-02
5.390000e-01 5.029214e-02
5.400000e-01 5.029459e-02
5.410000e-01 5.029652e-02
5.420000e-01 5.029793e-02
5.430000e-01 5.029881e-02
5.440000e-01 5.029917e-02
5.450000e-01 5.029900e-02
5.460000e-01 5.029831e-02
5.470000e-01 5.029709e-02
5.480000e-01 5.029534e-02
5.490000e-01 5.029307e-02
5.500000e-01 5.029026e-02
5.510000e-01 5.028693e-02
5.520000e-01 5.028307e-02
5.530000e-01 5.027867e-02
5.540000e-01 5.027375e-02
5.550000e-01 5.026830e-02
5.560000e-01 5.026231e-02
5.570000e-01 5.025579e-02
5.580000e-01 5.024874e-02
5.590000e-01 5.024115e-02
5.600000e-01 5.023303e-02
5.610000e-01 5.022437e-02
5.620000e-01 5.021518e-02
5.630000e-01 5.020545e-02
5.640000e-01 5.019519e-02
5.650000e-01 5.018439e-02
5.660000e-01 5.017305e-02
5.670000e-01 5.016118e-02
5.680000e-01 5.014876e-02
5.690000e-01 5.013581e-02
5.700000e-01 5.012232e-02
5.710000e-01 5.010828e-02
5.720000e-01 5.009371e-02
5.730000e-01 5.007860e-02
5.740000e-01 5.006294e-02
5.750000e-01 5.004675e-02
5.760000e-01 5.003001e-02
5.770000e-01 5.001273e-02
5.780000e-01 4.999490e-02
5.790000e-01 4.997654e-02
5.800000e-01 4.995763e-02
5.810000e-01 4.993817e-02
5.820000e-01 4.991817e-02
5.830000e-01 4.989763e-02
5.840000e-01 4.987654e-02
5.850000e-01 4.985490e-02
5.860000e-01 4.983272e-02
5.870000e-01 4.980999e-02
5.880000e-01 4.978672e-02
5.890000e-01 4.976289e-02
5.900000e-01 4.973853e-02
5.910000e-01 4.971361e-02
5.920000e-01 4.968814e-02
5.930000e-01 4.966213e-02
5.940000e-01 4.963557e-02
5.950000e-01 4.960846e-02
5.960000e-01 4.958080e-02
5.970000e-01 4.955259e-02
5.980000e-01 4.952383e-02
5.990000e-01 4.949452e-02
6.000000e-01 4.946466e-02
6.010000e-01 4.943425e-02
6.020000e-01 4.940329e-02
6.030000e-01 4.937178e-02
6.040000e-01 4.933971e-02
6.050000e-01 4.930710e-02
6.060000e-01 4.927393e-02
6.070000e-01 4.924021e-02
6.080000e-01 4.920594e-02
6.090000e-01 4.917112e-02
6.100000e-01 4.913575e-02
6.110000e-01 4.909982e-02
6.120000e-01 4.906334e-02
6.130000e-01 4.902631e-02
6.140000e-01 4.898872e-02
6.150000e-01 4.895058e-02
6.160000e-01 4.891189e-02
6.170000e-01 4.887264e-02
6.180000e-01 4.883284e-02
6.190000e-01 4.879249e-02
6.200000e-01 4.875158e-02
6.210000e-01 4.871012e-02
6.220000e-01 4.866811e-02
6.230000e-01 4.862554e-02
6.240000e-01 4.858242e-02
6.250000e-01 4.853874e-02
6.260000e-01 4.849451e-02
6.270000e-01 4.844973e-02
6.280000e-01 4.840439e-02
6.290000e-01 4.835850e-02
6.300000e-01 4.831205e-02
6.310000e-01 4.826505e-02
6.320000e-01 4.821750e-02
6.330000e-01 4.816939e-02
6.340000e-01 4.812073e-02
6.350000e-01 4.807151e-02
6.360000e-01 4.802174e-02
6.370000e-01 4.797141e-02
6.380000e-01 4.792053e-02
6.390000e-01 4.786910e-02
6.400000e-01 4.781712e-02
6.410000e-01 4.776458e-02
6.420000e-01 4.771148e-02
6.430000e-01 4.765784e-02
6.440000e-01 4.760364e-02
6.450000e-01 4.754888e-02
6.460000e-01 4.749357e-02
6.470000e-01 4.743772e-02
6.480000e-01 4.738130e-02
6.490000e-01 4.732434e-02
6.500000e-01 4.726682e-02
6.510000e-01 4.720875e-02
6.520000e-01 4.715013e-02
6.530000e-01 4.709095e-02
6.540000e-01 4.703123e-02
6.550000e-01 4.697095e-02
6.560000e-01 4.691012e-02
6.570000e-01 4.684874e-02
6.580000e-01 4.678681e-02
6.590000e-01 4.672433e-02
6.600000e-01 4.666130e-02
6.610000e-01 4.659772e-02
6.620000e-01 4.653359e-02
6.630000e-01 4.646891e-02
6.640000e-01 4.640368e-02
6.650000e-01 4.633790e-02
6.660000e-01 4.627157e-02
6.670000e-01 4.620470e-02
6.680000e-01 4.613727e-02
6.690000e-01 4.606930e-02
6.700000e-01 4.600078e-02
6.710000e-01 4.593172e-02
6.720000e-01 4.586211e-02
6.730000e-01 4.579195e-02
6.740000e-01 4.572124e-02
6.750000e-01 4.564999e-02
6.760000e-01 4.557820e-02
6.770000e-01 4.550586e-02
6.780000e-01 4.543298e-02
6.790000e-01 4.535955e-02
6.800000e-01 4.528558e-02
6.810000e-01 4.521106e-02
6.820000e-01 4.513601e-02
6.830000e-01 4.506041e-02
6.840000e-01 4.498427e-02
6.850000e-01 4.490759e-02
6.860000e-01 4.483037e-02
6.870000e-01 4.475261e-02
6.880000e-01 4.467431e-02
6.890000e-01 4.459547e-02
6.900000e-01 4.451609e-02
6.910000e-01 4.443617e-02
6.920000e-01 4.435572e-02
6.930000e-01 4.427473e-02
6.940000e-01 4.419320e-02
6.950000e-01 4.411114e-02
6.960000e-01 4.402854e-02
6.970000e-01 4.394541e-02
6.980000e-01 4.386174e-02
6.990000e-01 4.377754e-02
7.000000e-01 4.369281e-02
7.010000e-01 4.360754e-02
7.020000e-01 4.352175e-02
7.030000e-01 4.343542e-02
7.040000e-01 4.334857e-02
7.050000e-01 4.326118e-02
7.060000e-01 4.317326e-02
7.070000e-01 4.308482e-02
7.080000e-01 4.299585e-02
7.090000e-01 4.290635e-02
7.100000e-01 4.281633e-02
7.110000e-01 4.272578e-02
7.120000e-01 4.263471e-02
7.130000e-01 4.254311e-02
7.140000e-01 4.245099e-02
7.150000e-01 4.235835e-02
7.160000e-01 4.226518e-02
7.170000e-01 4.217150e-02
7.180000e-01 4.207729e-02
7.190000e-01 4.198257e-02
7.200000e-01 4.188733e-02
7.210000e-01 4.179157e-02
7.220000e-01 4.169529e-02
7.230000e-01 4.159850e-02
7.240000e-01 4.150119e-02
7.250000e-01 4.140336e-02
7.260000e-01 4.130503e-02
7.270000e-01 4.120618e-02
7.280000e-01 4.110682e-02
7.290000e-01 4.100695e-02
7.300000e-01 4.090657e-02
7.310000e-01 4.080568e-02
7.320000e-01 4.070428e-02
7.330000e-01 4.060238e-02
7.340000e-01 4.049997e-02
7.350000e-01 4.039705e-02
7.360000e-01 4.029363e-02
7.370000e-01 4.018971e-02
7.380000e-01 4.008528e-02
7.390000e-01 3.998036e-02
7.400000e-01 3.987493e-02
7.410000e-01 3.976900e-02
7.420000e-01 3.966258e-02
7.430000e-01 3.955565e-02
7.440000e-01 3.944823e-02
7.450000e-01 3.934032e-02
7.460000e-01 3.923191e-02
7.470000e-01 3.912301e-02
7.480000e-01 3.901361e-02
7.490000e-01 3.890373e-02
7.500000e-01 3.879335e-02
7.510000e-01 3.868249e-02
7.520000e-01 3.857114e-02
7.530000e-01 3.845930e-02
7.540000e-01 3.834697e-02
7.550000e-01 3.823417e-02
7.560000e-01 3.812087e-02
7.570000e-01 3.800710e-02
7.580000e-01 3.789284e-02
7.590000e-01 3.777811e-02
7.600000e-01 3.766289e-02
7.610000e-01 3.754720e-02
7.620000e-01 3.743103e-02
7.630000e-01 3.731439e-02
7.640000e-01 3.719727e-02
7.650000e-01 3.707968e-02
7.660000e-01 3.696162e-02
7.670000e-01 3.684309e-02
7.680000e-01 3.672409e-02
7.690000e-01 3.660462e-02
7.700000e-01 3.648468e-02
7.710000e-01 3.636428e-02
7.720000e-01 3.624342e-02
7.730000e-01 3.612209e-02
7.740000e-01 3.600030e-02
7.750000e-01 3.587805e-02
7.760000e-01 3.575535e-02
7.770000e-01 3.563218e-02
7.780000e-01 3.550856e-02
7.790000e-01 3.538448e-02
7.800000e-01 3.525995e-02
7.810000e-01 3.513497e-02
7.820000e-01 3.500954e-02
7.830000e-01 3.488365e-02
7.840000e-01 3.475732e-02
7.850000e-01 3.463055e-02
7.860000e-01 3.450332e-02
7.870000e-01 3.437566e-02
7.880000e-01 3.424755e-02
7.890000e-01 3.411900e-02
7.900000e-01 3.399001e-02
7.910000e-01 3.386058e-02
7.920000e-01 3.373072e-02
7.930000e-01 3.360042e-02
7.940000e-01 3.346968e-02
7.950000e-01 3.333852e-02
7.960000e-01 3.320692e-02
7.970000e-01 3.307489e-02
7.980000e-01 3.294244e-02
7.990000e-01 3.280956e-02
8.000000e-01 3.267625e-02
8.010000e-01 3.254252e-02
8.020000e-01 3.240837e-02
8.030000e-01 3.227380e-02
8.040000e-01 3.213881e-02
8.050000e-01 3.200340e-02
8.060000e-01 3.186758e-02
8.070000e-01 3.173134e-02
8.080000e-01 3.159470e-02
8.090000e-01 3.145763e-02
8.100000e-01 3.132017e-02
8.110000e-01 3.118229e-02
8.120000e-01 3.104400e-02
8.130000e-01 3.090532e-02
8.140000e-01 3.076623e-02
8.150000e-01 3.062673e-02
8.160000e-01 3.048684e-02
8.170000e-01 3.034655e-02
8.180000e-01 3.020587e-02
8.190000e-01 3.006479e-02
8.200000e-01 2.992331e-02
8.210000e-01 2.978145e-02
8.220000e-01 2.963919e-02
8.230000e-01 2.949655e-02
8.240000e-01 2.935352e-02
8.250000e-01 2.921011e-02
8.260000e-01 2.906631e-02
8.270000e-01 2.892214e-02
8.280000e-01 2.877758e-02
8.290000e-01 2.863265e-02
8.300000e-01 2.848734e-02
8.310000e-01 2.834165e-02
8.320000e-01 2.819560e-02
8.330000e-01 2.804917e-02
8.340000e-01 2.790238e-02
8.350000e-01 2.775521e-02
8.360000e-01 2.760769e-02
8.370000e-01 2.745979e-02
8.380000e-01 2.731154e-02
8.390000e-01 2.716293e-02
8.400000e-01 2.701396e-02
8.410000e-01 2.686463e-02
8.420000e-01 2.671495e-02
8.430000e-01 2.656492e-02
8.440000e-01 2.641453e-02
8.450000e-01 2.626380e-02
8.460000e-01 2.611272e-02
8.470000e-01 2.596130e-02
8.480000e-01 2.580953e-02
8.490000e-01 2.565742e-02
8.500000e-01 2.550497e-02
8.510000e-01 2.535218e-02
8.520000e-01 2.519906e-02
8.530000e-01 2.504561e-02
8.540000e-01 2.489182e-02
8.550000e-01 2.473770e-02
8.560000e-01 2.458326e-02
8.570000e-01 2.442848e-02
8.580000e-01 2.427339e-02
8.590000e-01 2.411797e-02
8.600000e-01 2.396223e-02
8.610000e-01 2.380618e-02
8.620000e-01 2.364981e-02
8.630000e-01 2.349312e-02
8.640000e-01 2.333612e-02
8.650000e-01 2.317881e-02
8.660000e-01 2.302119e-02
8.670000e-01 2.286327e-02
8.680000e-01 2.270504e-02
8.690000e-01 2.254651e-02
8.700000e-01 2.238768e-02
8.710000e-01 2.222855e-02
8.720000e-01 2.206913e-02
8.730000e-01 2.190941e-02
8.740000e-01 2.174940e-02
8.750000e-01 2.158909e-02
8.760000e-01 2.142850e-02
8.770000e-01 2.126763e-02
8.780000e-01 2.110647e-02
8.790000e-01 2.094503e-02
8.800000e-01 2.078331e-02
8.810000e-01 2.062131e-02
8.820000e-01 2.045903e-02
8.830000e-01 2.029648e-02
8.840000e-01 2.013366e-02
8.850000e-01 1.997057e-02
8.860000e-01 1.980722e-02
8.870000e-01 1.964360e-02
8.880000e-01 1.947971e-02
8.890000e-01 1.931557e-02
8.900000e-01 1.915116e-02
8.910000e-01 1.898650e-02
8.920000e-01 1.882159e-02
8.930000e-01 1.865642e-02
8.940000e-01 1.849100e-02
8.950000e-01 1.832534e-02
8.960000e-01 1.815943e-02
8.970000e-01 1.799327e-02
8.980000e-01 1.782687e-02
8.990000e-01 1.766024e-02
9.000000e-01 1.749336e-02
9.010000e-01 1.732626e-02
9.020000e-01 1.715891e-02
9.030000e-01 1.699134e-02
9.040000e-01 1.682354e-02
9.050000e-01 1.665552e-02
9.060000e-01 1.648727e-02
9.070000e-01 1.631879e-02
9.080000e-01 1.615010e-02
9.090000e-01 1.598119e-02
9.100000e-01 1.581207e-02
9.110000e-01 1.564273e-02
9.120000e-01 1.547318e-02
9.130000e-01 1.530343e-02
9.140000e-01 1.513347e-02
9.150000e-01 1.496330e-02
9.160000e-01 1.479293e-02
9.170000e-01 1.462236e-02
9.180000e-01 1.445160e-02
9.190000e-01 1.428064e-02
9.200000e-01 1.410949e-02
9.210000e-01 1.393815e-02
9.220000e-01 1.376662e-02
9.230000e-01 1.359490e-02
9.240000e-01 1.342300e-02
9.250000e-01 1.325092e-02
9.260000e-01 1.307866e-02
9.270000e-01 1.290622e-02
9.280000e-01 1.273361e-02
9.290000e-01 1.256083e-02
9.300000e-01 1.238788e-02
9.310000e-01 1.221476e-02
9.320000e-01 1.204147e-02
9.330000e-01 1.186802e-02
9.340000e-01 1.169442e-02
9.350000e-01 1.152065e-02
9.360000e-01 1.134673e-02
9.370000e-01 1.117265e-02
9.380000e-01 1.099842e-02
9.390000e-01 1.082405e-02
9.400000e-01 1.064953e-02
9.410000e-01 1.047486e-02
9.420000e-01 1.030005e-02
9.430000e-01 1.012510e-02
9.440000e-01 9.950019e-03
9.450000e-01 9.774799e-03
9.460000e-01 9.599447e-03
9.470000e-01 9.423965e-03
9.480000e-01 9.248356e-03
9.490000e-01 9.072621e-03
9.500000e-01 8.896763e-03
9.510000e-01 8.720784e-03
9.520000e-01 8.544687e-03
9.530000e-01 8.368475e-03
9.540000e-01 8.192149e-03
9.550000e-01 8.015712e-03
9.560000e-01 7.839166e-03
9.570000e-01 7.662514e-03
9.580000e-01 7.485758e-03
9.590000e-01 7.308900e-03
9.600000e-01 7.131943e-03
9.610000e-01 6.954890e-03
9.620000e-01 6.777742e-03
9.630000e-01 6.600502e-03
9.640000e-01 6.423173e-03
9.650000e-01 6.245756e-03
9.660000e-01 6.068255e-03
9.670000e-01 5.890671e-03
9.680000e-01 5.713007e-03
9.690000e-01 5.535266e-03
9.700000e-01 5.357449e-03
9.710000e-01 5.179560e-03
9.720000e-01 5.001601e-03
9.730000e-01 4.823573e-03
9.740000e-01 4.645480e-03
9.750000e-01 4.467324e-03
9.760000e-01 4.289107e-03
9.770000e-01 4.110832e-03
9.780000e-01 3.932501e-03
9.790000e-01 3.754117e-03
9.800000e-01 3.575682e-03
9.810000e-01 3.397198e-03
9.820000e-01 3.218668e-03
9.830000e-01 3.040094e-03
9.840000e-01 2.861479e-03
9.850000e-01 2.682825e-03
9.860000e-01 2.504134e-03
9.870000e-01 2.325410e-03
9.880000e-01 2.146654e-03
9.890000e-01 1.967868e-03
9.900000e-01 1.789056e-03
9.910000e-01 1.610220e-03
9.920000e-01 1.431362e-03
9.930000e-01 1.252484e-03
9.940000e-01 1.073590e-03
9.950000e-01 8.946802e-04
9.960000e-01 7.157588e-04
9.970000e-01 5.368276e-04
9.980000e-01 3.578891e-04
9.990000e-01 1.789458e-04
