0.000000e+00 0.000000e+00
1.000000e-03 1.514764e-05
2.000000e-03 3.029508e-05
3.000000e-03 4.544213e-05
4.000000e-03 6.058859e-05
5.000000e-03 7.573427e-05
6.000000e-03 9.087898e-05
7.000000e-03 1.060225e-04
8.000000e-03 1.211647e-04
9.000000e-03 1.363053e-04
1.000000e-02 1.514441e-04
1.100000e-02 1.665810e-04
1.200000e-02 1.817158e-04
1.300000e-02 1.968482e-04
1.400000e-02 2.119781e-04
1.500000e-02 2.271052e-04
1.600000e-02 2.422295e-04
1.700000e-02 2.573506e-04
1.800000e-02 2.724684e-04
1.900000e-02 2.875827e-04
2.000000e-02 3.026933e-04
2.100000e-02 3.178001e-04
2.200000e-02 3.329027e-04
2.300000e-02 3.480011e-04
2.400000e-02 3.630951e-04
2.500000e-02 3.781844e-04
2.600000e-02 3.932688e-04
2.700000e-02 4.083483e-04
2.800000e-02 4.234225e-04
2.900000e-02 4.384913e-04
3.000000e-02 4.535545e-04
3.100000e-02 4.686120e-04
3.200000e-02 4.836635e-04
3.300000e-02 4.987088e-04
3.400000e-02 5.137478e-04
3.500000e-02 5.287803e-04
3.600000e-02 5.438061e-04
3.700000e-02 5.588249e-04
3.800000e-02 5.738368e-04
3.900000e-02 5.888413e-04
4.000000e-02 6.038385e-04
4.100000e-02 6.188280e-04
4.200000e-02 6.338097e-04
4.300000e-02 6.487834e-04
4.400000e-02 6.637490e-04
4.500000e-02 6.787063e-04
4.600000e-02 6.936551e-04
4.700000e-02 7.085951e-04
4.800000e-02 7.235264e-04
4.900000e-02 7.384485e-04
5.000000e-02 7.533615e-04
5.100000e-02 7.682651e-04
5.200000e-02 7.831592e-04
5.300000e-02 7.980435e-04
5.400000e-02 8.129179e-04
5.500000e-02 8.277823e-04
5.600000e-02 8.426365e-04
5.700000e-02 8.574802e-04
5.800000e-02 8.723134e-04
5.900000e-02 8.871359e-04
6.000000e-02 9.019475e-04
6.100000e-02 9.167480e-04
6.200000e-02 9.315374e-04
6.300000e-02 9.463153e-04
6.400000e-02 9.610817e-04
6.500000e-02 9.758365e-04
6.600000e-02 9.905794e-04
6.700000e-02 1.005310e-03
6.800000e-02 1.020029e-03
6.900000e-02 1.034735e-03
7.000000e-02 1.049429e-03
7.100000e-02 1.064111e-03
7.200000e-02 1.078779e-03
7.300000e-02 1.093435e-03
7.400000e-02 1.108078e-03
7.500000e-02 1.122707e-03
7.600000e-02 1.137323e-03
7.700000e-02 1.151926e-03
7.800000e-02 1.166515e-03
7.900000e-02 1.181090e-03
8.000000e-02 1.195651e-03
8.100000e-02 1.210199e-03
8.200000e-02 1.224732e-03
8.300000e-02 1.239250e-03
8.400000e-02 1.253755e-03
8.500000e-02 1.268244e-03
8.600000e-02 1.282719e-03
8.700000e-02 1.297180e-03
8.800000e-02 1.311625e-03
8.900000e-02 1.326055e-03
9.000000e-02 1.340470e-03
9.100000e-02 1.354869e-03
9.200000e-02 1.369253e-03
9.300000e-02 1.383622e-03
9.400000e-02 1.397975e-03
9.500000e-02 1.412312e-03
9.600000e-02 1.426633e-03
9.700000e-02 1.440938e-03
9.800000e-02 1.455227e-03
9.900000e-02 1.469499e-03
1.000000e-01 1.483755e-03
1.010000e-01 1.497995e-03
1.020000e-01 1.512218e-03
1.030000e-01 1.526425e-03
1.040000e-01 1.540614e-03
1.050000e-01 1.554787e-03
1.060000e-01 1.568943e-03
1.070000e-01 1.583082e-03
1.080000e-01 1.597203e-03
1.090000e-01 1.611308e-03
1.100000e-01 1.625395e-03
1.110000e-01 1.639464e-03
1.120000e-01 1.653516e-03
1.130000e-01 1.667550e-03
1.140000e-01 1.681567e-03
1.150000e-01 1.695566e-03
1.160000e-01 1.709547e-03
1.170000e-01 1.723510e-03
1.180000e-01 1.737455e-03
1.190000e-01 1.751382e-03
1.200000e-01 1.765290e-03
1.210000e-01 1.779181e-03
1.220000e-01 1.793053e-03
1.230000e-01 1.806907e-03
1.240000e-01 1.820742e-03
1.250000e-01 1.834559e-03
1.260000e-01 1.848358e-03
1.270000e-01 1.862138e-03
1.280000e-01 1.875899e-03
1.290000e-01 1.889641e-03
1.300000e-01 1.903365e-03
1.310000e-01 1.917069e-03
1.320000e-01 1.930755e-03
1.330000e-01 1.944422e-03
1.340000e-01 1.958070e-03
1.350000e-01 1.971699e-03
1.360000e-01 1.985309e-03
1.370000e-01 1.998900e-03
1.380000e-01 2.012472e-03
1.390000e-01 2.026024e-03
1.400000e-01 2.039558e-03
1.410000e-01 2.053072e-03
1.420000e-01 2.066567e-03
1.430000e-01 2.080042e-03
1.440000e-01 2.093499e-03
1.450000e-01 2.106936e-03
1.460000e-01 2.120354e-03
1.470000e-01 2.133752e-03
1.480000e-01 2.147131e-03
1.490000e-01 2.160491e-03
1.500000e-01 2.173831e-03
1.510000e-01 2.187152e-03
1.520000e-01 2.200453e-03
1.530000e-01 2.213735e-03
1.540000e-01 2.226998e-03
1.550000e-01 2.240241e-03
1.560000e-01 2.253465e-03
1.570000e-01 2.266669e-03
1.580000e-01 2.279854e-03
1.590000e-01 2.293020e-03
1.600000e-01 2.306166e-03
1.610000e-01 2.319293e-03
1.620000e-01 2.332401e-03
1.630000e-01 2.345489e-03
1.640000e-01 2.358558e-03
1.650000e-01 2.371607e-03
1.660000e-01 2.384638e-03
1.670000e-01 2.397649e-03
1.680000e-01 2.410641e-03
1.690000e-01 2.423614e-03
1.700000e-01 2.436568e-03
1.710000e-01 2.449502e-03
1.720000e-01 2.462418e-03
1.730000e-01 2.475314e-03
1.740000e-01 2.488192e-03
1.750000e-01 2.501051e-03
1.760000e-01 2.513890e-03
1.770000e-01 2.526711e-03
1.780000e-01 2.539514e-03
1.790000e-01 2.552297e-03
1.800000e-01 2.565062e-03
1.810000e-01 2.577808e-03
1.820000e-01 2.590536e-03
1.830000e-01 2.603245e-03
1.840000e-01 2.615936e-03
1.850000e-01 2.628608e-03
1.860000e-01 2.641262e-03
1.870000e-01 2.653898e-03
1.880000e-01 2.666516e-03
1.890000e-01 2.679116e-03
1.900000e-01 2.691698e-03
1.910000e-01 2.704262e-03
1.920000e-01 2.716808e-03
1.930000e-01 2.729336e-03
1.940000e-01 2.741847e-03
1.950000e-01 2.754341e-03
1.960000e-01 2.766816e-03
1.970000e-01 2.779275e-03
1.980000e-01 2.791716e-03
1.990000e-01 2.804141e-03
2.000000e-01 2.816548e-03
2.010000e-01 2.828938e-03
2.020000e-01 2.841311e-03
2.030000e-01 2.853668e-03
2.040000e-01 2.866008e-03
2.050000e-01 2.878332e-03
2.060000e-01 2.890639e-03
2.070000e-01 2.902930e-03
2.080000e-01 2.915205e-03
2.090000e-01 2.927464e-03
2.100000e-01 2.939707e-03
2.110000e-01 2.951934e-03
2.120000e-01 2.964145e-03
2.130000e-01 2.976342e-03
2.140000e-01 2.988522e-03
2.150000e-01 3.000688e-03
2.160000e-01 3.012838e-03
2.170000e-01 3.024974e-03
2.180000e-01 3.037095e-03
2.190000e-01 3.049201e-03
2.200000e-01 3.061292e-03
2.210000e-01 3.073370e-03
2.220000e-01 3.085433e-03
2.230000e-01 3.097482e-03
2.240000e-01 3.109517e-03
2.250000e-01 3.121538e-03
2.260000e-01 3.133546e-03
2.270000e-01 3.145541e-03
2.280000e-01 3.157522e-03
2.290000e-01 3.169490e-03
2.300000e-01 3.181446e-03
2.310000e-01 3.193388e-03
2.320000e-01 3.205318e-03
2.330000e-01 3.217236e-03
2.340000e-01 3.229141e-03
2.350000e-01 3.241035e-03
2.360000e-01 3.252917e-03
2.370000e-01 3.264787e-03
2.380000e-01 3.276645e-03
2.390000e-01 3.288492e-03
2.400000e-01 3.300329e-03
2.410000e-01 3.312154e-03
2.420000e-01 3.323969e-03
2.430000e-01 3.335773e-03
2.440000e-01 3.347567e-03
2.450000e-01 3.359350e-03
2.460000e-01 3.371124e-03
2.470000e-01 3.382889e-03
2.480000e-01 3.394643e-03
2.490000e-01 3.406389e-03
2.500000e-01 3.418125e-03
2.510000e-01 3.429853e-03
2.520000e-01 3.441572e-03
2.530000e-01 3.453282e-03
2.540000e-01 3.464985e-03
2.550000e-01 3.476679e-03
2.560000e-01 3.488366e-03
2.570000e-01 3.500045e-03
2.580000e-01 3.511717e-03
2.590000e-01 3.523382e-03
2.600000e-01 3.535039e-03
2.610000e-01 3.546691e-03
2.620000e-01 3.558336e-03
2.630000e-01 3.569975e-03
2.640000e-01 3.581608e-03
2.650000e-01 3.593235e-03
2.660000e-01 3.604857e-03
2.670000e-01 3.616473e-03
2.680000e-01 3.628085e-03
2.690000e-01 3.639692e-03
2.700000e-01 3.651295e-03
2.710000e-01 3.662893e-03
2.720000e-01 3.674488e-03
2.730000e-01 3.686079e-03
2.740000e-01 3.697666e-03
2.750000e-01 3.709251e-03
2.760000e-01 3.720832e-03
2.770000e-01 3.732411e-03
2.780000e-01 3.743987e-03
2.790000e-01 3.755561e-03
2.800000e-01 3.767133e-03
2.810000e-01 3.778704e-03
2.820000e-01 3.790273e-03
2.830000e-01 3.801842e-03
2.840000e-01 3.813409e-03
2.850000e-01 3.824976e-03
2.860000e-01 3.836543e-03
2.870000e-01 3.848110e-03
2.880000e-01 3.859677e-03
2.890000e-01 3.871244e-03
2.900000e-01 3.882813e-03
2.910000e-01 3.894382e-03
2.920000e-01 3.905953e-03
2.930000e-01 3.917526e-03
2.940000e-01 3.929101e-03
2.950000e-01 3.940678e-03
2.960000e-01 3.952257e-03
2.970000e-01 3.963840e-03
2.980000e-01 3.975425e-03
2.990000e-01 3.987014e-03
3.000000e-01 3.998606e-03
3.010000e-01 4.010203e-03
3.020000e-01 4.021804e-03
3.030000e-01 4.033409e-03
3.040000e-01 4.045020e-03
3.050000e-01 4.056635e-03
3.060000e-01 4.068256e-03
3.070000e-01 4.079883e-03
3.080000e-01 4.091516e-03
3.090000e-01 4.103155e-03
3.100000e-01 4.114801e-03
3.110000e-01 4.126454e-03
3.120000e-01 4.138114e-03
3.130000e-01 4.149782e-03
3.140000e-01 4.161457e-03
3.150000e-01 4.173141e-03
3.160000e-01 4.184833e-03
3.170000e-01 4.196535e-03
3.180000e-01 4.208245e-03
3.190000e-01 4.219965e-03
3.200000e-01 4.231694e-03
3.210000e-01 4.243433e-03
3.220000e-01 4.255183e-03
3.230000e-01 4.266944e-03
3.240000e-01 4.278715e-03
3.250000e-01 4.290498e-03
3.260000e-01 4.302292e-03
3.270000e-01 4.314099e-03
3.280000e-01 4.325917e-03
3.290000e-01 4.337748e-03
3.300000e-01 4.349592e-03
3.310000e-01 4.361449e-03
3.320000e-01 4.373320e-03
3.330000e-01 4.385205e-03
3.340000e-01 4.397103e-03
3.350000e-01 4.409016e-03
3.360000e-01 4.420944e-03
3.370000e-01 4.432887e-03
3.380000e-01 4.444845e-03
3.390000e-01 4.456819e-03
3.400000e-01 4.468809e-03
3.410000e-01 4.480816e-03
3.420000e-01 4.492839e-03
3.430000e-01 4.504879e-03
3.440000e-01 4.516937e-03
3.450000e-01 4.529012e-03
3.460000e-01 4.541105e-03
3.470000e-01 4.553216e-03
3.480000e-01 4.565346e-03
3.490000e-01 4.577495e-03
3.500000e-01 4.589663e-03
3.510000e-01 4.601851e-03
3.520000e-01 4.614059e-03
3.530000e-01 4.626286e-03
3.540000e-01 4.638535e-03
3.550000e-01 4.650804e-03
3.560000e-01 4.663094e-03
3.570000e-01 4.675406e-03
3.580000e-01 4.687739e-03
3.590000e-01 4.700095e-03
3.600000e-01 4.712473e-03
3.610000e-01 4.724874e-03
3.620000e-01 4.737298e-03
3.630000e-01 4.749745e-03
3.640000e-01 4.762216e-03
3.650000e-01 4.774711e-03
3.660000e-01 4.787231e-03
3.670000e-01 4.799775e-03
3.680000e-01 4.812344e-03
3.690000e-01 4.824938e-03
3.700000e-01 4.837558e-03
3.710000e-01 4.850203e-03
3.720000e-01 4.862875e-03
3.730000e-01 4.875574e-03
3.740000e-01 4.888299e-03
3.750000e-01 4.901051e-03
3.760000e-01 4.913831e-03
3.770000e-01 4.926639e-03
3.780000e-01 4.939474e-03
3.790000e-01 4.952338e-03
3.800000e-01 4.965231e-03
3.810000e-01 4.978153e-03
3.820000e-01 4.991104e-03
3.830000e-01 5.004084e-03
3.840000e-01 5.017094e-03
3.850000e-01 5.030135e-03
3.860000e-01 5.043206e-03
3.870000e-01 5.056308e-03
3.880000e-01 5.069441e-03
3.890000e-01 5.082605e-03
3.900000e-01 5.095801e-03
3.910000e-01 5.109028e-03
3.920000e-01 5.122288e-03
3.930000e-01 5.135581e-03
3.940000e-01 5.148906e-03
3.950000e-01 5.162265e-03
3.960000e-01 5.175657e-03
3.970000e-01 5.189082e-03
3.980000e-01 5.202541e-03
3.990000e-01 5.216035e-03
4.000000e-01 5.229563e-03
4.010000e-01 5.243126e-03
4.020000e-01 5.256724e-03
4.030000e-01 5.270358e-03
4.040000e-01 5.284027e-03
4.050000e-01 5.297731e-03
4.060000e-01 5.311472e-03
4.070000e-01 5.325250e-03
4.080000e-01 5.339064e-03
4.090000e-01 5.352915e-03
4.100000e-01 5.366803e-03
4.110000e-01 5.380728e-03
4.120000e-01 5.394692e-03
4.130000e-01 5.408693e-03
4.140000e-01 5.422733e-03
4.150000e-01 5.436810e-03
4.160000e-01 5.450927e-03
4.170000e-01 5.465083e-03
4.180000e-01 5.479278e-03
4.190000e-01 5.493512e-03
4.200000e-01 5.507786e-03
4.210000e-01 5.522100e-03
4.220000e-01 5.536454e-03
4.230000e-01 5.550848e-03
4.240000e-01 5.565283e-03
4.250000e-01 5.579759e-03
4.260000e-01 5.594276e-03
4.270000e-01 5.608834e-03
4.280000e-01 5.623434e-03
4.290000e-01 5.638076e-03
4.300000e-01 5.652759e-03
4.310000e-01 5.667485e-03
4.320000e-01 5.682253e-03
4.330000e-01 5.697063e-03
4.340000e-01 5.711916e-03
4.350000e-01 5.726813e-03
4.360000e-01 5.741752e-03
4.370000e-01 5.756735e-03
4.380000e-01 5.771761e-03
4.390000e-01 5.786831e-03
4.400000e-01 5.801945e-03
4.410000e-01 5.817103e-03
4.420000e-01 5.832306e-03
4.430000e-01 5.847552e-03
4.440000e-01 5.862844e-03
4.450000e-01 5.878180e-03
4.460000e-01 5.893561e-03
4.470000e-01 5.908988e-03
4.480000e-01 5.924459e-03
4.490000e-01 5.939977e-03
4.500000e-01 5.955539e-03
4.510000e-01 5.971148e-03
4.520000e-01 5.986802e-03
4.530000e-01 6.002503e-03
4.540000e-01 6.018249e-03
4.550000e-01 6.034042e-03
4.560000e-01 6.049882e-03
4.570000e-01 6.065767e-03
4.580000e-01 6.081700e-03
4.590000e-01 6.097680e-03
4.600000e-01 6.113706e-03
4.610000e-01 6.129780e-03
4.620000e-01 6.145900e-03
4.630000e-01 6.162068e-03
4.640000e-01 6.178283e-03
4.650000e-01 6.194546e-03
4.660000e-01 6.210856e-03
4.670000e-01 6.227214e-03
4.680000e-01 6.243620e-03
4.690000e-01 6.260074e-03
4.700000e-01 6.276575e-03
4.710000e-01 6.293125e-03
4.720000e-01 6.309722e-03
4.730000e-01 6.326368e-03
4.740000e-01 6.343061e-03
4.750000e-01 6.359803e-03
4.760000e-01 6.376594e-03
4.770000e-01 6.393432e-03
4.780000e-01 6.410319e-03
4.790000e-01 6.427254e-03
4.800000e-01 6.444238e-03
4.810000e-01 6.461270e-03
4.820000e-01 6.478351e-03
4.830000e-01 6.495480e-03
4.840000e-01 6.512658e-03
4.850000e-01 6.529885e-03
4.860000e-01 6.547159e-03
4.870000e-01 6.564483e-03
4.880000e-01 6.581855e-03
4.890000e-01 6.599275e-03
4.900000e-01 6.616745e-03
4.910000e-01 6.634262e-03
4.920000e-01 6.651828e-03
4.930000e-01 6.669443e-03
4.940000e-01 6.687106e-03
4.950000e-01 6.704817e-03
4.960000e-01 6.722577e-03
4.970000e-01 6.740385e-03
4.980000e-01 6.758241e-03
4.990000e-01 6.776146e-03
5.000000e-01 6.794098e-03
5.010000e-01 6.812099e-03
5.020000e-01 6.830147e-03
5.030000e-01 6.848244e-03
5.040000e-01 6.866388e-03
5.050000e-01 6.884580e-03
5.060000e-01 6.902820e-03
5.070000e-01 6.921107e-03
5.080000e-01 6.939442e-03
5.090000e-01 6.957824e-03
5.100000e-01 6.976253e-03
5.110000e-01 6.994730e-03
5.120000e-01 7.013253e-03
5.130000e-01 7.031823e-03
5.140000e-01 7.050440e-03
5.150000e-01 7.069103e-03
5.160000e-01 7.087813e-03
5.170000e-01 7.106569e-03
5.180000e-01 7.125371e-03
5.190000e-01 7.144219e-03
5.200000e-01 7.163112e-03
5.210000e-01 7.182051e-03
5.220000e-01 7.201036e-03
5.230000e-01 7.220065e-03
5.240000e-01 7.239140e-03
5.250000e-01 7.258259e-03
5.260000e-01 7.277423e-03
5.270000e-01 7.296631e-03
5.280000e-01 7.315884e-03
5.290000e-01 7.335180e-03
5.300000e-01 7.354520e-03
5.310000e-01 7.373903e-03
5.320000e-01 7.393329e-03
5.330000e-01 7.412798e-03
5.340000e-01 7.432310e-03
5.350000e-01 7.451864e-03
5.360000e-01 7.471460e-03
5.370000e-01 7.491098e-03
5.380000e-01 7.510778e-03
5.390000e-01 7.530499e-03
5.400000e-01 7.550260e-03
5.410000e-01 7.570063e-03
5.420000e-01 7.589905e-03
5.430000e-01 7.609788e-03
5.440000e-01 7.629710e-03
5.450000e-01 7.649672e-03
5.460000e-01 7.669672e-03
5.470000e-01 7.689711e-03
5.480000e-01 7.709788e-03
5.490000e-01 7.729904e-03
5.500000e-01 7.750057e-03
5.510000e-01 7.770246e-03
5.520000e-01 7.790473e-03
5.530000e-01 7.810736e-03
5.540000e-01 7.831035e-03
5.550000e-01 7.851370e-03
5.560000e-01 7.871740e-03
5.570000e-01 7.892145e-03
5.580000e-01 7.912583e-03
5.590000e-01 7.933056e-03
5.600000e-01 7.953563e-03
5.610000e-01 7.974102e-03
5.620000e-01 7.994674e-03
5.630000e-01 8.015278e-03
5.640000e-01 8.035913e-03
5.650000e-01 8.056580e-03
5.660000e-01 8.077277e-03
5.670000e-01 8.098005e-03
5.680000e-01 8.118762e-03
5.690000e-01 8.139549e-03
5.700000e-01 8.160364e-03
5.710000e-01 8.181207e-03
5.720000e-01 8.202077e-03
5.730000e-01 8.222975e-03
5.740000e-01 8.243900e-03
5.750000e-01 8.264850e-03
5.760000e-01 8.285826e-03
5.770000e-01 8.306826e-03
5.780000e-01 8.327851e-03
5.790000e-01 8.348899e-03
5.800000e-01 8.369971e-03
5.810000e-01 8.391065e-03
5.820000e-01 8.412181e-03
5.830000e-01 8.433318e-03
5.840000e-01 8.454476e-03
5.850000e-01 8.475653e-03
5.860000e-01 8.496851e-03
5.870000e-01 8.518066e-03
5.880000e-01 8.539300e-03
5.890000e-01 8.560552e-03
5.900000e-01 8.581820e-03
5.910000e-01 8.603104e-03
5.920000e-01 8.624403e-03
5.930000e-01 8.645717e-03
5.940000e-01 8.667046e-03
5.950000e-01 8.688387e-03
5.960000e-01 8.709741e-03
5.970000e-01 8.731106e-03
5.980000e-01 8.752483e-03
5.990000e-01 8.773870e-03
6.000000e-01 8.795267e-03
6.010000e-01 8.816672e-03
6.020000e-01 8.838085e-03
6.030000e-01 8.859506e-03
6.040000e-01 8.880933e-03
6.050000e-01 8.902366e-03
6.060000e-01 8.923804e-03
6.070000e-01 8.945245e-03
6.080000e-01 8.966690e-03
6.090000e-01 8.988137e-03
6.100000e-01 9.009586e-03
6.110000e-01 9.031036e-03
6.120000e-01 9.052485e-03
6.130000e-01 9.073933e-03
6.140000e-01 9.095380e-03
6.150000e-01 9.116823e-03
6.160000e-01 9.138263e-03
6.170000e-01 9.159699e-03
6.180000e-01 9.181129e-03
6.190000e-01 9.202552e-03
6.200000e-01 9.223968e-03
6.210000e-01 9.245376e-03
6.220000e-01 9.266775e-03
6.230000e-01 9.288163e-03
6.240000e-01 9.309541e-03
6.250000e-01 9.330906e-03
6.260000e-01 9.352258e-03
6.270000e-01 9.373596e-03
6.280000e-01 9.394920e-03
6.290000e-01 9.416227e-03
6.300000e-01 9.437516e-03
6.310000e-01 9.458788e-03
6.320000e-01 9.480041e-03
6.330000e-01 9.501273e-03
6.340000e-01 9.522485e-03
6.350000e-01 9.543673e-03
6.360000e-01 9.564839e-03
6.370000e-01 9.585980e-03
6.380000e-01 9.607096e-03
6.390000e-01 9.628184e-03
6.400000e-01 9.649245e-03
6.410000e-01 9.670278e-03
6.420000e-01 9.691280e-03
6.430000e-01 9.712251e-03
6.440000e-01 9.733190e-03
6.450000e-01 9.754095e-03
6.460000e-01 9.774966e-03
6.470000e-01 9.795800e-03
6.480000e-01 9.816598e-03
6.490000e-01 9.837358e-03
6.500000e-01 9.858079e-03
6.510000e-01 9.878759e-03
6.520000e-01 9.899397e-03
6.530000e-01 9.919992e-03
6.540000e-01 9.940542e-03
6.550000e-01 9.961048e-03
6.560000e-01 9.981506e-03
6.570000e-01 1.000192e-02
6.580000e-01 1.002228e-02
6.590000e-01 1.004259e-02
6.600000e-01 1.006285e-02
6.610000e-01 1.008305e-02
6.620000e-01 1.010320e-02
6.630000e-01 1.012330e-02
6.640000e-01 1.014334e-02
6.650000e-01 1.016332e-02
6.660000e-01 1.018324e-02
6.670000e-01 1.020309e-02
6.680000e-01 1.022289e-02
6.690000e-01 1.024262e-02
6.700000e-01 1.026229e-02
6.710000e-01 1.028189e-02
6.720000e-01 1.030142e-02
6.730000e-01 1.032088e-02
6.740000e-01 1.034027e-02
6.750000e-01 1.035959e-02
6.760000e-01 1.037883e-02
6.770000e-01 1.039800e-02
6.780000e-01 1.041709e-02
6.790000e-01 1.043611e-02
6.800000e-01 1.045504e-02
6.810000e-01 1.047389e-02
6.820000e-01 1.049266e-02
6.830000e-01 1.051135e-02
6.840000e-01 1.052995e-02
6.850000e-01 1.054846e-02
6.860000e-01 1.056688e-02
6.870000e-01 1.058521e-02
6.880000e-01 1.060345e-02
6.890000e-01 1.062160e-02
6.900000e-01 1.063965e-02
6.910000e-01 1.065761e-02
6.920000e-01 1.067546e-02
6.930000e-01 1.069322e-02
6.940000e-01 1.071087e-02
6.950000e-01 1.072842e-02
6.960000e-01 1.074587e-02
6.970000e-01 1.076321e-02
6.980000e-01 1.078044e-02
6.990000e-01 1.079756e-02
7.000000e-01 1.081457e-02
7.010000e-01 1.083146e-02
7.020000e-01 1.084824e-02
7.030000e-01 1.086491e-02
7.040000e-01 1.088145e-02
7.050000e-01 1.089788e-02
7.060000e-01 1.091418e-02
7.070000e-01 1.093036e-02
7.080000e-01 1.094641e-02
7.090000e-01 1.096234e-02
7.100000e-01 1.097813e-02
7.110000e-01 1.099380e-02
7.120000e-01 1.100933e-02
7.130000e-01 1.102473e-02
7.140000e-01 1.103999e-02
7.150000e-01 1.105512e-02
7.160000e-01 1.107010e-02
7.170000e-01 1.108495e-02
7.180000e-01 1.109964e-02
7.190000e-01 1.111420e-02
7.200000e-01 1.112860e-02
7.210000e-01 1.114286e-02
7.220000e-01 1.115696e-02
7.230000e-01 1.117092e-02
7.240000e-01 1.118471e-02
7.250000e-01 1.119835e-02
7.260000e-01 1.121183e-02
7.270000e-01 1.122515e-02
7.280000e-01 1.123831e-02
7.290000e-01 1.125130e-02
7.300000e-01 1.126412e-02
7.310000e-01 1.127678e-02
7.320000e-01 1.128926e-02
7.330000e-01 1.130158e-02
7.340000e-01 1.131371e-02
7.350000e-01 1.132567e-02
7.360000e-01 1.133746e-02
7.370000e-01 1.134906e-02
7.380000e-01 1.136047e-02
7.390000e-01 1.137170e-02
7.400000e-01 1.138275e-02
7.410000e-01 1.139360e-02
7.420000e-01 1.140427e-02
7.430000e-01 1.141474e-02
7.440000e-01 1.142501e-02
7.450000e-01 1.143509e-02
7.460000e-01 1.144497e-02
7.470000e-01 1.145464e-02
7.480000e-01 1.146411e-02
7.490000e-01 1.147338e-02
7.500000e-01 1.148243e-02
7.510000e-01 1.149128e-02
7.520000e-01 1.149991e-02
7.530000e-01 1.150832e-02
7.540000e-01 1.151652e-02
7.550000e-01 1.152450e-02
7.560000e-01 1.153226e-02
7.570000e-01 1.153979e-02
7.580000e-01 1.154710e-02
7.590000e-01 1.155418e-02
7.600000e-01 1.156103e-02
7.610000e-01 1.156764e-02
7.620000e-01 1.157402e-02
7.630000e-01 1.158016e-02
7.640000e-01 1.158606e-02
7.650000e-01 1.159172e-02
7.660000e-01 1.159713e-02
7.670000e-01 1.160230e-02
7.680000e-01 1.160722e-02
7.690000e-01 1.161188e-02
7.700000e-01 1.161629e-02
7.710000e-01 1.162045e-02
7.720000e-01 1.162434e-02
7.730000e-01 1.162798e-02
7.740000e-01 1.163135e-02
7.750000e-01 1.163445e-02
7.760000e-01 1.163729e-02
7.770000e-01 1.163985e-02
7.780000e-01 1.164214e-02
7.790000e-01 1.164416e-02
7.800000e-01 1.164589e-02
7.810000e-01 1.164735e-02
7.820000e-01 1.164852e-02
7.830000e-01 1.164941e-02
7.840000e-01 1.165000e-02
7.850000e-01 1.165031e-02
7.860000e-01 1.165032e-02
7.870000e-01 1.165004e-02
7.880000e-01 1.164946e-02
7.890000e-01 1.164858e-02
7.900000e-01 1.164739e-02
7.910000e-01 1.164590e-02
7.920000e-01 1.164410e-02
7.930000e-01 1.164199e-02
7.940000e-01 1.163956e-02
7.950000e-01 1.163682e-02
7.960000e-01 1.163376e-02
7.970000e-01 1.163038e-02
7.980000e-01 1.162667e-02
7.990000e-01 1.162263e-02
8.000000e-01 1.161827e-02
8.010000e-01 1.161357e-02
8.020000e-01 1.160854e-02
8.030000e-01 1.160317e-02
8.040000e-01 1.159746e-02
8.050000e-01 1.159141e-02
8.060000e-01 1.158501e-02
8.070000e-01 1.157826e-02
8.080000e-01 1.157116e-02
8.090000e-01 1.156371e-02
8.100000e-01 1.155590e-02
8.110000e-01 1.154773e-02
8.120000e-01 1.153920e-02
8.130000e-01 1.153031e-02
8.140000e-01 1.152105e-02
8.150000e-01 1.151141e-02
8.160000e-01 1.150141e-02
8.170000e-01 1.149102e-02
8.180000e-01 1.148026e-02
8.190000e-01 1.146912e-02
8.200000e-01 1.145759e-02
8.210000e-01 1.144568e-02
8.220000e-01 1.143337e-02
8.230000e-01 1.142067e-02
8.240000e-01 1.140758e-02
8.250000e-01 1.139408e-02
8.260000e-01 1.138019e-02
8.270000e-01 1.136589e-02
8.280000e-01 1.135118e-02
8.290000e-01 1.133607e-02
8.300000e-01 1.132054e-02
8.310000e-01 1.130459e-02
8.320000e-01 1.128823e-02
8.330000e-01 1.127144e-02
8.340000e-01 1.125423e-02
8.350000e-01 1.123659e-02
8.360000e-01 1.121852e-02
8.370000e-01 1.120001e-02
8.380000e-01 1.118107e-02
8.390000e-01 1.116169e-02
8.400000e-01 1.114187e-02
8.410000e-01 1.112160e-02
8.420000e-01 1.110088e-02
8.430000e-01 1.107971e-02
8.440000e-01 1.105809e-02
8.450000e-01 1.103601e-02
8.460000e-01 1.101347e-02
8.470000e-01 1.099046e-02
8.480000e-01 1.096699e-02
8.490000e-01 1.094304e-02
8.500000e-01 1.091863e-02
8.510000e-01 1.089374e-02
8.520000e-01 1.086836e-02
8.530000e-01 1.084251e-02
8.540000e-01 1.081617e-02
8.550000e-01 1.078934e-02
8.560000e-01 1.076203e-02
8.570000e-01 1.073421e-02
8.580000e-01 1.070590e-02
8.590000e-01 1.067709e-02
8.600000e-01 1.064777e-02
8.610000e-01 1.061795e-02
8.620000e-01 1.058762e-02
8.630000e-01 1.055677e-02
8.640000e-01 1.052541e-02
8.650000e-01 1.049352e-02
8.660000e-01 1.046112e-02
8.670000e-01 1.042818e-02
8.680000e-01 1.039472e-02
8.690000e-01 1.036073e-02
8.700000e-01 1.032620e-02
8.710000e-01 1.029113e-02
8.720000e-01 1.025551e-02
8.730000e-01 1.021936e-02
8.740000e-01 1.018265e-02
8.750000e-01 1.014539e-02
8.760000e-01 1.010758e-02
8.770000e-01 1.006921e-02
8.780000e-01 1.003028e-02
8.790000e-01 9.990777e-03
8.800000e-01 9.950711e-03
8.810000e-01 9.910073e-03
8.820000e-01 9.868860e-03
8.830000e-01 9.827069e-03
8.840000e-01 9.784697e-03
8.850000e-01 9.741739e-03
8.860000e-01 9.698194e-03
8.870000e-01 9.654058e-03
8.880000e-01 9.609326e-03
8.890000e-01 9.563997e-03
8.900000e-01 9.518066e-03
8.910000e-01 9.471531e-03
8.920000e-01 9.424388e-03
8.930000e-01 9.376633e-03
8.940000e-01 9.328263e-03
8.950000e-01 9.279275e-03
8.960000e-01 9.229666e-03
8.970000e-01 9.179432e-03
8.980000e-01 9.128569e-03
8.990000e-01 9.077075e-03
9.000000e-01 9.024946e-03
9.010000e-01 8.972178e-03
9.020000e-01 8.918768e-03
9.030000e-01 8.864713e-03
9.040000e-01 8.810009e-03
9.050000e-01 8.754653e-03
9.060000e-01 8.698642e-03
9.070000e-01 8.641971e-03
9.080000e-01 8.584638e-03
9.090000e-01 8.526639e-03
9.100000e-01 8.467971e-03
9.110000e-01 8.408630e-03
9.120000e-01 8.348612e-03
9.130000e-01 8.287915e-03
9.140000e-01 8.226535e-03
9.150000e-01 8.164468e-03
9.160000e-01 8.101710e-03
9.170000e-01 8.038259e-03
9.180000e-01 7.974111e-03
9.190000e-01 7.909262e-03
9.200000e-01 7.843709e-03
9.210000e-01 7.777448e-03
9.220000e-01 7.710476e-03
9.230000e-01 7.642789e-03
9.240000e-01 7.574384e-03
9.250000e-01 7.505257e-03
9.260000e-01 7.435405e-03
9.270000e-01 7.364824e-03
9.280000e-01 7.293511e-03
9.290000e-01 7.221462e-03
9.300000e-01 7.148673e-03
9.310000e-01 7.075141e-03
9.320000e-01 7.000863e-03
9.330000e-01 6.925834e-03
9.340000e-01 6.850052e-03
9.350000e-01 6.773512e-03
9.360000e-01 6.696211e-03
9.370000e-01 6.618146e-03
9.380000e-01 6.539313e-03
9.390000e-01 6.459709e-03
9.400000e-01 6.379329e-03
9.410000e-01 6.298170e-03
9.420000e-01 6.216229e-03
9.430000e-01 6.133502e-03
9.440000e-01 6.049985e-03
9.450000e-01 5.965675e-03
9.460000e-01 5.880568e-03
9.470000e-01 5.794661e-03
9.480000e-01 5.707949e-03
9.490000e-01 5.620430e-03
9.500000e-01 5.532099e-03
9.510000e-01 5.442954e-03
9.520000e-01 5.352990e-03
9.530000e-01 5.262203e-03
9.540000e-01 5.170591e-03
9.550000e-01 5.078149e-03
9.560000e-01 4.984874e-03
9.570000e-01 4.890762e-03
9.580000e-01 4.795809e-03
9.590000e-01 4.700013e-03
9.600000e-01 4.603368e-03
9.610000e-01 4.505872e-03
9.620000e-01 4.407521e-03
9.630000e-01 4.308311e-03
9.640000e-01 4.208238e-03
9.650000e-01 4.107300e-03
9.660000e-01 4.005491e-03
9.670000e-01 3.902809e-03
9.680000e-01 3.799250e-03
9.690000e-01 3.694809e-03
9.700000e-01 3.589484e-03
9.710000e-01 3.483271e-03
9.720000e-01 3.376166e-03
9.730000e-01 3.268165e-03
9.740000e-01 3.159265e-03
9.750000e-01 3.049461e-03
9.760000e-01 2.938751e-03
9.770000e-01 2.827130e-03
9.780000e-01 2.714595e-03
9.790000e-01 2.601143e-03
9.800000e-01 2.486768e-03
9.810000e-01 2.371468e-03
9.820000e-01 2.255239e-03
9.830000e-01 2.138078e-03
9.840000e-01 2.019979e-03
9.850000e-01 1.900941e-03
9.860000e-01 1.780959e-03
9.870000e-01 1.660028e-03
9.880000e-01 1.538147e-03
9.890000e-01 1.415310e-03
9.900000e-01 1.291515e-03
9.910000e-01 1.166757e-03
9.920000e-01 1.041032e-03
9.930000e-01 9.143377e-04
9.940000e-01 7.866694e-04
9.950000e-01 6.580235e-04
9.960000e-01 5.283964e-04
9.970000e-01 3.977842e-04
9.980000e-01 2.661832e-04
9.990000e-01 1.335897e-04
