0.000000e+00 0.000000e+00
1.000000e-03 2.270455e-04
2.000000e-03 4.536364e-04
3.000000e-03 6.797727e-04
4.000000e-03 9.054545e-04
5.000000e-03 1.130682e-03
6.000000e-03 1.355455e-03
7.000000e-03 1.579773e-03
8.000000e-03 1.803636e-03
9.000000e-03 2.027045e-03
1.000000e-02 2.250000e-03
1.100000e-02 2.472500e-03
1.200000e-02 2.694545e-03
1.300000e-02 2.916136e-03
1.400000e-02 3.137273e-03
1.500000e-02 3.357955e-03
1.600000e-02 3.578182e-03
1.700000e-02 3.797955e-03
1.800000e-02 4.017273e-03
1.900000e-02 4.236136e-03
2.000000e-02 4.454545e-03
2.100000e-02 4.672500e-03
2.200000e-02 4.890000e-03
2.300000e-02 5.107045e-03
2.400000e-02 5.323636e-03
2.500000e-02 5.539773e-03
2.600000e-02 5.755455e-03
2.700000e-02 5.970682e-03
2.800000e-02 6.185455e-03
2.900000e-02 6.399773e-03
3.000000e-02 6.613636e-03
3.100000e-02 6.827045e-03
3.200000e-02 7.040000e-03
3.300000e-02 7.252500e-03
3.400000e-02 7.464545e-03
3.500000e-02 7.676136e-03
3.600000e-02 7.887273e-03
3.700000e-02 8.097955e-03
3.800000e-02 8.308182e-03
3.900000e-02 8.517955e-03
4.000000e-02 8.727273e-03
4.100000e-02 8.936136e-03
4.200000e-02 9.144545e-03
4.300000e-02 9.352500e-03
4.400000e-02 9.560000e-03
4.500000e-02 9.767045e-03
4.600000e-02 9.973636e-03
4.700000e-02 1.017977e-02
4.800000e-02 1.038545e-02
4.900000e-02 1.059068e-02
5.000000e-02 1.079545e-02
5.100000e-02 1.099977e-02
5.200000e-02 1.120364e-02
5.300000e-02 1.140705e-02
5.400000e-02 1.161000e-02
5.500000e-02 1.181250e-02
5.600000e-02 1.201455e-02
5.700000e-02 1.221614e-02
5.800000e-02 1.241727e-02
5.900000e-02 1.261795e-02
6.000000e-02 1.281818e-02
6.100000e-02 1.301795e-02
6.200000e-02 1.321727e-02
6.300000e-02 1.341614e-02
6.400000e-02 1.361455e-02
6.500000e-02 1.381250e-02
6.600000e-02 1.401000e-02
6.700000e-02 1.420705e-02
6.800000e-02 1.440364e-02
6.900000e-02 1.459977e-02
7.000000e-02 1.479545e-02
7.100000e-02 1.499068e-02
7.200000e-02 1.518545e-02
7.300000e-02 1.537977e-02
7.400000e-02 1.557364e-02
7.500000e-02 1.576705e-02
7.600000e-02 1.596000e-02
7.700000e-02 1.615250e-02
7.800000e-02 1.634455e-02
7.900000e-02 1.653614e-02
8.000000e-02 1.672727e-02
8.100000e-02 1.691795e-02
8.200000e-02 1.710818e-02
8.300000e-02 1.729795e-02
8.400000e-02 1.748727e-02
8.500000e-02 1.767614e-02
8.600000e-02 1.786455e-02
8.700000e-02 1.805250e-02
8.800000e-02 1.824000e-02
8.900000e-02 1.842705e-02
9.000000e-02 1.861364e-02
9.100000e-02 1.879977e-02
9.200000e-02 1.898545e-02
9.300000e-02 1.917068e-02
9.400000e-02 1.935545e-02
9.500000e-02 1.953977e-02
9.600000e-02 1.972364e-02
9.700000e-02 1.990705e-02
9.800000e-02 2.009000e-02
9.900000e-02 2.027250e-02
1.000000e-01 2.045455e-02
1.010000e-01 2.063614e-02
1.020000e-01 2.081727e-02
1.030000e-01 2.099795e-02
1.040000e-01 2.117818e-02
1.050000e-01 2.135795e-02
1.060000e-01 2.153727e-02
1.070000e-01 2.171614e-02
1.080000e-01 2.189455e-02
1.090000e-01 2.207250e-02
1.100000e-01 2.225000e-02
1.110000e-01 2.242705e-02
1.120000e-01 2.260364e-02
1.130000e-01 2.277977e-02
1.140000e-01 2.295545e-02
1.150000e-01 2.313068e-02
1.160000e-01 2.330545e-02
1.170000e-01 2.347977e-02
1.180000e-01 2.365364e-02
1.190000e-01 2.382705e-02
1.200000e-01 2.400000e-02
1.210000e-01 2.417250e-02
1.220000e-01 2.434455e-02
1.230000e-01 2.451614e-02
1.240000e-01 2.468727e-02
1.250000e-01 2.485795e-02
1.260000e-01 2.502818e-02
1.270000e-01 2.519795e-02
1.280000e-01 2.536727e-02
1.290000e-01 2.553614e-02
1.300000e-01 2.570455e-02
1.310000e-01 2.587250e-02
1.320000e-01 2.604000e-02
1.330000e-01 2.620705e-02
1.340000e-01 2.637364e-02
1.350000e-01 2.653977e-02
1.360000e-01 2.670545e-02
1.370000e-01 2.687068e-02
1.380000e-01 2.703545e-02
1.390000e-01 2.719977e-02
1.400000e-01 2.736364e-02
1.410000e-01 2.752705e-02
1.420000e-01 2.769000e-02
1.430000e-01 2.785250e-02
1.440000e-01 2.801455e-02
1.450000e-01 2.817614e-02
1.460000e-01 2.833727e-02
1.470000e-01 2.849795e-02
1.480000e-01 2.865818e-02
1.490000e-01 2.881795e-02
1.500000e-01 2.897727e-02
1.510000e-01 2.913614e-02
1.520000e-01 2.929455e-02
1.530000e-01 2.945250e-02
1.540000e-01 2.961000e-02
1.550000e-01 2.976705e-02
1.560000e-01 2.992364e-02
1.570000e-01 3.007977e-02
1.580000e-01 3.023545e-02
1.590000e-01 3.039068e-02
1.600000e-01 3.054545e-02
1.610000e-01 3.069977e-02
1.620000e-01 3.085364e-02
1.630000e-01 3.100705e-02
1.640000e-01 3.116000e-02
1.650000e-01 3.131250e-02
1.660000e-01 3.146455e-02
1.670000e-01 3.161614e-02
1.680000e-01 3.176727e-02
1.690000e-01 3.191795e-02
1.700000e-01 3.206818e-02
1.710000e-01 3.221795e-02
1.720000e-01 3.236727e-02
1.730000e-01 3.251614e-02
1.740000e-01 3.266455e-02
1.750000e-01 3.281250e-02
1.760000e-01 3.296000e-02
1.770000e-01 3.310705e-02
1.780000e-01 3.325364e-02
1.790000e-01 3.339977e-02
1.800000e-01 3.354545e-02
1.810000e-01 3.369068e-02
1.820000e-01 3.383545e-02
1.830000e-01 3.397977e-02
1.840000e-01 3.412364e-02
1.850000e-01 3.426705e-02
1.860000e-01 3.441000e-02
1.870000e-01 3.455250e-02
1.880000e-01 3.469455e-02
1.890000e-01 3.483614e-02
1.900000e-01 3.497727e-02
1.910000e-01 3.511795e-02
1.920000e-01 3.525818e-02
1.930000e-01 3.539795e-02
1.940000e-01 3.553727e-02
1.950000e-01 3.567614e-02
1.960000e-01 3.581455e-02
1.970000e-01 3.595250e-02
1.980000e-01 3.609000e-02
1.990000e-01 3.622705e-02
2.000000e-01 3.636364e-02
2.010000e-01 3.649977e-02
2.020000e-01 3.663545e-02
2.030000e-01 3.677068e-02
2.040000e-01 3.690545e-02
2.050000e-01 3.703977e-02
2.060000e-01 3.717364e-02
2.070000e-01 3.730705e-02
2.080000e-01 3.744000e-02
2.090000e-01 3.757250e-02
2.100000e-01 3.770455e-02
2.110000e-01 3.783614e-02
2.120000e-01 3.796727e-02
2.130000e-01 3.809795e-02
2.140000e-01 3.822818e-02
2.150000e-01 3.835795e-02
2.160000e-01 3.848727e-02
2.170000e-01 3.861614e-02
2.180000e-01 3.874455e-02
2.190000e-01 3.887250e-02
2.200000e-01 3.900000e-02
2.210000e-01 3.912705e-02
2.220000e-01 3.925364e-02
2.230000e-01 3.937977e-02
2.240000e-01 3.950545e-02
2.250000e-01 3.963068e-02
2.260000e-01 3.975545e-02
2.270000e-01 3.987977e-02
2.280000e-01 4.000364e-02
2.290000e-01 4.012705e-02
2.300000e-01 4.025000e-02
2.310000e-01 4.037250e-02
2.320000e-01 4.049455e-02
2.330000e-01 4.061614e-02
2.340000e-01 4.073727e-02
2.350000e-01 4.085795e-02
2.360000e-01 4.097818e-02
2.370000e-01 4.109795e-02
2.380000e-01 4.121727e-02
2.390000e-01 4.133614e-02
2.400000e-01 4.145455e-02
2.410000e-01 4.157250e-02
2.420000e-01 4.169000e-02
2.430000e-01 4.180705e-02
2.440000e-01 4.192364e-02
2.450000e-01 4.203977e-02
2.460000e-01 4.215545e-02
2.470000e-01 4.227068e-02
2.480000e-01 4.238545e-02
2.490000e-01 4.249977e-02
2.500000e-01 4.261364e-02
2.510000e-01 4.272705e-02
2.520000e-01 4.284000e-02
2.530000e-01 4.295250e-02
2.540000e-01 4.306455e-02
2.550000e-01 4.317614e-02
2.560000e-01 4.328727e-02
2.570000e-01 4.339795e-02
2.580000e-01 4.350818e-02
2.590000e-01 4.361795e-02
2.600000e-01 4.372727e-02
2.610000e-01 4.383614e-02
2.620000e-01 4.394455e-02
2.630000e-01 4.405250e-02
2.640000e-01 4.416000e-02
2.650000e-01 4.426705e-02
2.660000e-01 4.437364e-02
2.670000e-01 4.447977e-02
2.680000e-01 4.458545e-02
2.690000e-01 4.469068e-02
2.700000e-01 4.479545e-02
2.710000e-01 4.489977e-02
2.720000e-01 4.500364e-02
2.730000e-01 4.510705e-02
2.740000e-01 4.521000e-02
2.750000e-01 4.531250e-02
2.760000e-01 4.541455e-02
2.770000e-01 4.551614e-02
2.780000e-01 4.561727e-02
2.790000e-01 4.571795e-02
2.800000e-01 4.581818e-02
2.810000e-01 4.591795e-02
2.820000e-01 4.601727e-02
2.830000e-01 4.611614e-02
2.840000e-01 4.621455e-02
2.850000e-01 4.631250e-02
2.860000e-01 4.641000e-02
2.870000e-01 4.650705e-02
2.880000e-01 4.660364e-02
2.890000e-01 4.669977e-02
2.900000e-01 4.679545e-02
2.910000e-01 4.689068e-02
2.920000e-01 4.698545e-02
2.930000e-01 4.707977e-02
2.940000e-01 4.717364e-02
2.950000e-01 4.726705e-02
2.960000e-01 4.736000e-02
2.970000e-01 4.745250e-02
2.980000e-01 4.754455e-02
2.990000e-01 4.763614e-02
3.000000e-01 4.772727e-02
3.010000e-01 4.781795e-02
3.020000e-01 4.790818e-02
3.030000e-01 4.799795e-02
3.040000e-01 4.808727e-02
3.050000e-01 4.817614e-02
3.060000e-01 4.826455e-02
3.070000e-01 4.835250e-02
3.080000e-01 4.844000e-02
3.090000e-01 4.852705e-02
3.100000e-01 4.861364e-02
3.110000e-01 4.869977e-02
3.120000e-01 4.878545e-02
3.130000e-01 4.887068e-02
3.140000e-01 4.895545e-02
3.150000e-01 4.903977e-02
3.160000e-01 4.912364e-02
3.170000e-01 4.920705e-02
3.180000e-01 4.929000e-02
3.190000e-01 4.937250e-02
3.200000e-01 4.945455e-02
3.210000e-01 4.953614e-02
3.220000e-01 4.961727e-02
3.230000e-01 4.969795e-02
3.240000e-01 4.977818e-02
3.250000e-01 4.985795e-02
3.260000e-01 4.993727e-02
3.270000e-01 5.001614e-02
3.280000e-01 5.009455e-02
3.290000e-01 5.017250e-02
3.300000e-01 5.025000e-02
3.310000e-01 5.032705e-02
3.320000e-01 5.040364e-02
3.330000e-01 5.047977e-02
3.340000e-01 5.055545e-02
3.350000e-01 5.063068e-02
3.360000e-01 5.070545e-02
3.370000e-01 5.077977e-02
3.380000e-01 5.085364e-02
3.390000e-01 5.092705e-02
3.400000e-01 5.100000e-02
3.410000e-01 5.107250e-02
3.420000e-01 5.114455e-02
3.430000e-01 5.121614e-02
3.440000e-01 5.128727e-02
3.450000e-01 5.135795e-02
3.460000e-01 5.142818e-02
3.470000e-01 5.149795e-02
3.480000e-01 5.156727e-02
3.490000e-01 5.163614e-02
3.500000e-01 5.170455e-02
3.510000e-01 5.177250e-02
3.520000e-01 5.184000e-02
3.530000e-01 5.190705e-02
3.540000e-01 5.197364e-02
3.550000e-01 5.203977e-02
3.560000e-01 5.210545e-02
3.570000e-01 5.217068e-02
3.580000e-01 5.223545e-02
3.590000e-01 5.229977e-02
3.600000e-01 5.236364e-02
3.610000e-01 5.242705e-02
3.620000e-01 5.249000e-02
3.630000e-01 5.255250e-02
3.640000e-01 5.261455e-02
3.650000e-01 5.267614e-02
3.660000e-01 5.273727e-02
3.670000e-01 5.279795e-02
3.680000e-01 5.285818e-02
3.690000e-01 5.291795e-02
3.700000e-01 5.297727e-02
3.710000e-01 5.303614e-02
3.720000e-01 5.309455e-02
3.730000e-01 5.315250e-02
3.740000e-01 5.321000e-02
3.750000e-01 5.326705e-02
3.760000e-01 5.332364e-02
3.770000e-01 5.337977e-02
3.780000e-01 5.343545e-02
3.790000e-01 5.349068e-02
3.800000e-01 5.354545e-02
3.810000e-01 5.359977e-02
3.820000e-01 5.365364e-02
3.830000e-01 5.370705e-02
3.840000e-01 5.376000e-02
3.850000e-01 5.381250e-02
3.860000e-01 5.386455e-02
3.870000e-01 5.391614e-02
3.880000e-01 5.396727e-02
3.890000e-01 5.401795e-02
3.900000e-01 5.406818e-02
3.910000e-01 5.411795e-02
3.920000e-01 5.416727e-02
3.930000e-01 5.421614e-02
3.940000e-01 5.426455e-02
3.950000e-01 5.431250e-02
3.960000e-01 5.436000e-02
3.970000e-01 5.440705e-02
3.980000e-01 5.445364e-02
3.990000e-01 5.449977e-02
4.000000e-01 5.454545e-02
4.010000e-01 5.459068e-02
4.020000e-01 5.463545e-02
4.030000e-01 5.467977e-02
4.040000e-01 5.472364e-02
4.050000e-01 5.476705e-02
4.060000e-01 5.481000e-02
4.070000e-01 5.485250e-02
4.080000e-01 5.489455e-02
4.090000e-01 5.493614e-02
4.100000e-01 5.497727e-02
4.110000e-01 5.501795e-02
4.120000e-01 5.505818e-02
4.130000e-01 5.509795e-02
4.140000e-01 5.513727e-02
4.150000e-01 5.517614e-02
4.160000e-01 5.521455e-02
4.170000e-01 5.525250e-02
4.180000e-01 5.529000e-02
4.190000e-01 5.532705e-02
4.200000e-01 5.536364e-02
4.210000e-01 5.539977e-02
4.220000e-01 5.543545e-02
4.230000e-01 5.547068e-02
4.240000e-01 5.550545e-02
4.250000e-01 5.553977e-02
4.260000e-01 5.557364e-02
4.270000e-01 5.560705e-02
4.280000e-01 5.564000e-02
4.290000e-01 5.567250e-02
4.300000e-01 5.570455e-02
4.310000e-01 5.573614e-02
4.320000e-01 5.576727e-02
4.330000e-01 5.579795e-02
4.340000e-01 5.582818e-02
4.350000e-01 5.585795e-02
4.360000e-01 5.588727e-02
4.370000e-01 5.591614e-02
4.380000e-01 5.594455e-02
4.390000e-01 5.597250e-02
4.400000e-01 5.600000e-02
4.410000e-01 5.602705e-02
4.420000e-01 5.605364e-02
4.430000e-01 5.607977e-02
4.440000e-01 5.610545e-02
4.450000e-01 5.613068e-02
4.460000e-01 5.615545e-02
4.470000e-01 5.617977e-02
4.480000e-01 5.620364e-02
4.490000e-01 5.622705e-02
4.500000e-01 5.625000e-02
4.510000e-01 5.627250e-02
4.520000e-01 5.629455e-02
4.530000e-01 5.631614e-02
4.540000e-01 5.633727e-02
4.550000e-01 5.635795e-02
4.560000e-01 5.637818e-02
4.570000e-01 5.639795e-02
4.580000e-01 5.641727e-02
4.590000e-01 5.643614e-02
4.600000e-01 5.645455e-02
4.610000e-01 5.647250e-02
4.620000e-01 5.649000e-02
4.630000e-01 5.650705e-02
4.640000e-01 5.652364e-02
4.650000e-01 5.653977e-02
4.660000e-01 5.655545e-02
4.670000e-01 5.657068e-02
4.680000e-01 5.658545e-02
4.690000e-01 5.659977e-02
4.700000e-01 5.661364e-02
4.710000e-01 5.662705e-02
4.720000e-01 5.664000e-02
4.730000e-01 5.665250e-02
4.740000e-01 5.666455e-02
4.750000e-01 5.667614e-02
4.760000e-01 5.668727e-02
4.770000e-01 5.669795e-02
4.780000e-01 5.670818e-02
4.790000e-01 5.671795e-02
4.800000e-01 5.672727e-02
4.810000e-01 5.673614e-02
4.820000e-01 5.674455e-02
4.830000e-01 5.675250e-02
4.840000e-01 5.676000e-02
4.850000e-01 5.676705e-02
4.860000e-01 5.677364e-02
4.870000e-01 5.677977e-02
4.880000e-01 5.678545e-02
4.890000e-01 5.679068e-02
4.900000e-01 5.679545e-02
4.910000e-01 5.679977e-02
4.920000e-01 5.680364e-02
4.930000e-01 5.680705e-02
4.940000e-01 5.681000e-02
4.950000e-01 5.681250e-02
4.960000e-01 5.681455e-02
4.970000e-01 5.681614e-02
4.980000e-01 5.681727e-02
4.990000e-01 5.681795e-02
5.000000e-01 5.681818e-02
5.010000e-01 5.681795e-02
5.020000e-01 5.681727e-02
5.030000e-01 5.681614e-02
5.040000e-01 5.681455e-02
5.050000e-01 5.681250e-02
5.060000e-01 5.681000e-02
5.070000e-01 5.680705e-02
5.080000e-01 5.680364e-02
5.090000e-01 5.679977e-02
5.100000e-01 5.679545e-02
5.110000e-01 5.679068e-02
5.120000e-01 5.678545e-02
5.130000e-01 5.677977e-02
5.140000e-01 5.677364e-02
5.150000e-01 5.676705e-02
5.160000e-01 5.676000e-02
5.170000e-01 5.675250e-02
5.180000e-01 5.674455e-02
5.190000e-01 5.673614e-02
5.200000e-01 5.672727e-02
5.210000e-01 5.671795e-02
5.220000e-01 5.670818e-02
5.230000e-01 5.669795e-02
5.240000e-01 5.668727e-02
5.250000e-01 5.667614e-02
5.260000e-01 5.666455e-02
5.270000e-01 5.665250e-02
5.280000e-01 5.664000e-02
5.290000e-01 5.662705e-02
5.300000e-01 5.661364e-02
5.310000e-01 5.659977e-02
5.320000e-01 5.658545e-02
5.330000e-01 5.657068e-02
5.340000e-01 5.655545e-02
5.350000e-01 5.653977e-02
5.360000e-01 5.652364e-02
5.370000e-01 5.650705e-02
5.380000e-01 5.649000e-02
5.390000e-01 5.647250e-02
5.400000e-01 5.645455e-02
5.410000e-01 5.643614e-02
5.420000e-01 5.641727e-02
5.430000e-01 5.639795e-02
5.440000e-01 5.637818e-02
5.450000e-01 5.635795e-02
5.460000e-01 5.633727e-02
5.470000e-01 5.631614e-02
5.480000e-01 5.629455e-02
5.490000e-01 5.627250e-02
5.500000e-01 5.625000e-02
5.510000e-01 5.622705e-02
5.520000e-01 5.620364e-02
5.530000e-01 5.617977e-02
5.540000e-01 5.615545e-02
5.550000e-01 5.613068e-02
5.560000e-01 5.610545e-02
5.570000e-01 5.607977e-02
5.580000e-01 5.605364e-02
5.590000e-01 5.602705e-02
5.600000e-01 5.600000e-02
5.610000e-01 5.597250e-02
5.620000e-01 5.594455e-02
5.630000e-01 5.591614e-02
5.640000e-01 5.588727e-02
5.650000e-01 5.585795e-02
5.660000e-01 5.582818e-02
5.670000e-01 5.579795e-02
5.680000e-01 5.576727e-02
5.690000e-01 5.573614e-02
5.700000e-01 5.570455e-02
5.710000e-01 5.567250e-02
5.720000e-01 5.564000e-02
5.730000e-01 5.560705e-02
5.740000e-01 5.557364e-02
5.750000e-01 5.553977e-02
5.760000e-01 5.550545e-02
5.770000e-01 5.547068e-02
5.780000e-01 5.543545e-02
5.790000e-01 5.539977e-02
5.800000e-01 5.536364e-02
5.810000e-01 5.532705e-02
5.820000e-01 5.529000e-02
5.830000e-01 5.525250e-02
5.840000e-01 5.521455e-02
5.850000e-01 5.517614e-02
5.860000e-01 5.513727e-02
5.870000e-01 5.509795e-02
5.880000e-01 5.505818e-02
5.890000e-01 5.501795e-02
5.900000e-01 5.497727e-02
5.910000e-01 5.493614e-02
5.920000e-01 5.489455e-02
5.930000e-01 5.485250e-02
5.940000e-01 5.481000e-02
5.950000e-01 5.476705e-02
5.960000e-01 5.472364e-02
5.970000e-01 5.467977e-02
5.980000e-01 5.463545e-02
5.990000e-01 5.459068e-02
6.000000e-01 5.454545e-02
6.010000e-01 5.449977e-02
6.020000e-01 5.445364e-02
6.030000e-01 5.440705e-02
6.040000e-01 5.436000e-02
6.050000e-01 5.431250e-02
6.060000e-01 5.426455e-02
6.070000e-01 5.421614e-02
6.080000e-01 5.416727e-02
6.090000e-01 5.411795e-02
6.100000e-01 5.406818e-02
6.110000e-01 5.401795e-02
6.120000e-01 5.396727e-02
6.130000e-01 5.391614e-02
6.140000e-01 5.386455e-02
6.150000e-01 5.381250e-02
6.160000e-01 5.376000e-02
6.170000e-01 5.370705e-02
6.180000e-01 5.365364e-02
6.190000e-01 5.359977e-02
6.200000e-01 5.354545e-02
6.210000e-01 5.349068e-02
6.220000e-01 5.343545e-02
6.230000e-01 5.337977e-02
6.240000e-01 5.332364e-02
6.250000e-01 5.326705e-02
6.260000e-01 5.321000e-02
6.270000e-01 5.315250e-02
6.280000e-01 5.309455e-02
6.290000e-01 5.303614e-02
6.300000e-01 5.297727e-02
6.310000e-01 5.291795e-02
6.320000e-01 5.285818e-02
6.330000e-01 5.279795e-02
6.340000e-01 5.273727e-02
6.350000e-01 5.267614e-02
6.360000e-01 5.261455e-02
6.370000e-01 5.255250e-02
6.380000e-01 5.249000e-02
6.390000e-01 5.242705e-02
6.400000e-01 5.236364e-02
6.410000e-01 5.229977e-02
6.420000e-01 5.223545e-02
6.430000e-01 5.217068e-02
6.440000e-01 5.210545e-02
6.450000e-01 5.203977e-02
6.460000e-01 5.197364e-02
6.470000e-01 5.190705e-02
6.480000e-01 5.184000e-02
6.490000e-01 5.177250e-02
6.500000e-01 5.170455e-02
6.510000e-01 5.163614e-02
6.520000e-01 5.156727e-02
6.530000e-01 5.149795e-02
6.540000e-01 5.142818e-02
6.550000e-01 5.135795e-02
6.560000e-01 5.128727e-02
6.570000e-01 5.121614e-02
6.580000e-01 5.114455e-02
6.590000e-01 5.107250e-02
6.600000e-01 5.100000e-02
6.610000e-01 5.092705e-02
6.620000e-01 5.085364e-02
6.630000e-01 5.077977e-02
6.640000e-01 5.070545e-02
6.650000e-01 5.063068e-02
6.660000e-01 5.055545e-02
6.670000e-01 5.047977e-02
6.680000e-01 5.040364e-02
6.690000e-01 5.032705e-02
6.700000e-01 5.025000e-02
6.710000e-01 5.017250e-02
6.720000e-01 5.009455e-02
6.730000e-01 5.001614e-02
6.740000e-01 4.993727e-02
6.750000e-01 4.985795e-02
6.760000e-01 4.977818e-02
6.770000e-01 4.969795e-02
6.780000e-01 4.961727e-02
6.790000e-01 4.953614e-02
6.800000e-01 4.945455e-02
6.810000e-01 4.937250e-02
6.820000e-01 4.929000e-02
6.830000e-01 4.920705e-02
6.840000e-01 4.912364e-02
6.850000e-01 4.903977e-02
6.860000e-01 4.895545e-02
6.870000e-01 4.887068e-02
6.880000e-01 4.878545e-02
6.890000e-01 4.869977e-02
6.900000e-01 4.861364e-02
6.910000e-01 4.852705e-02
6.920000e-01 4.844000e-02
6.930000e-01 4.835250e-02
6.940000e-01 4.826455e-02
6.950000e-01 4.817614e-02
6.960000e-01 4.808727e-02
6.970000e-01 4.799795e-02
6.980000e-01 4.790818e-02
6.990000e-01 4.781795e-02
7.000000e-01 4.772727e-02
7.010000e-01 4.763614e-02
7.020000e-01 4.754455e-02
7.030000e-01 4.745250e-02
7.040000e-01 4.736000e-02
7.050000e-01 4.726705e-02
7.060000e-01 4.717364e-02
7.070000e-01 4.707977e-02
7.080000e-01 4.698545e-02
7.090000e-01 4.689068e-02
7.100000e-01 4.679545e-02
7.110000e-01 4.669977e-02
7.120000e-01 4.660364e-02
7.130000e-01 4.650705e-02
7.140000e-01 4.641000e-02
7.150000e-01 4.631250e-02
7.160000e-01 4.621455e-02
7.170000e-01 4.611614e-02
7.180000e-01 4.601727e-02
7.190000e-01 4.591795e-02
7.200000e-01 4.581818e-02
7.210000e-01 4.571795e-02
7.220000e-01 4.561727e-02
7.230000e-01 4.551614e-02
7.240000e-01 4.541455e-02
7.250000e-01 4.531250e-02
7.260000e-01 4.521000e-02
7.270000e-01 4.510705e-02
7.280000e-01 4.500364e-02
7.290000e-01 4.489977e-02
7.300000e-01 4.479545e-02
7.310000e-01 4.469068e-02
7.320000e-01 4.458545e-02
7.330000e-01 4.447977e-02
7.340000e-01 4.437364e-02
7.350000e-01 4.426705e-02
7.360000e-01 4.416000e-02
7.370000e-01 4.405250e-02
7.380000e-01 4.394455e-02
7.390000e-01 4.383614e-02
7.400000e-01 4.372727e-02
7.410000e-01 4.361795e-02
7.420000e-01 4.350818e-02
7.430000e-01 4.339795e-02
7.440000e-01 4.328727e-02
7.450000e-01 4.317614e-02
7.460000e-01 4.306455e-02
7.470000e-01 4.295250e-02
7.480000e-01 4.284000e-02
7.490000e-01 4.272705e-02
7.500000e-01 4.261364e-02
7.510000e-01 4.249977e-02
7.520000e-01 4.238545e-02
7.530000e-01 4.227068e-02
7.540000e-01 4.215545e-02
7.550000e-01 4.203977e-02
7.560000e-01 4.192364e-02
7.570000e-01 4.180705e-02
7.580000e-01 4.169000e-02
7.590000e-01 4.157250e-02
7.600000e-01 4.145455e-02
7.610000e-01 4.133614e-02
7.620000e-01 4.121727e-02
7.630000e-01 4.109795e-02
7.640000e-01 4.097818e-02
7.650000e-01 4.085795e-02
7.660000e-01 4.073727e-02
7.670000e-01 4.061614e-02
7.680000e-01 4.049455e-02
7.690000e-01 4.037250e-02
7.700000e-01 4.025000e-02
7.710000e-01 4.012705e-02
7.720000e-01 4.000364e-02
7.730000e-01 3.987977e-02
7.740000e-01 3.975545e-02
7.750000e-01 3.963068e-02
7.760000e-01 3.950545e-02
7.770000e-01 3.937977e-02
7.780000e-01 3.925364e-02
7.790000e-01 3.912705e-02
7.800000e-01 3.900000e-02
7.810000e-01 3.887250e-02
7.820000e-01 3.874455e-02
7.830000e-01 3.861614e-02
7.840000e-01 3.848727e-02
7.850000e-01 3.835795e-02
7.860000e-01 3.822818e-02
7.870000e-01 3.809795e-02
7.880000e-01 3.796727e-02
7.890000e-01 3.783614e-02
7.900000e-01 3.770455e-02
7.910000e-01 3.757250e-02
7.920000e-01 3.744000e-02
7.930000e-01 3.730705e-02
7.940000e-01 3.717364e-02
7.950000e-01 3.703977e-02
7.960000e-01 3.690545e-02
7.970000e-01 3.677068e-02
7.980000e-01 3.663545e-02
7.990000e-01 3.649977e-02
8.000000e-01 3.636364e-02
8.010000e-01 3.622705e-02
8.020000e-01 3.609000e-02
8.030000e-01 3.595250e-02
8.040000e-01 3.581455e-02
8.050000e-01 3.567614e-02
8.060000e-01 3.553727e-02
8.070000e-01 3.539795e-02
8.080000e-01 3.525818e-02
8.090000e-01 3.511795e-02
8.100000e-01 3.497727e-02
8.110000e-01 3.483614e-02
8.120000e-01 3.469455e-02
8.130000e-01 3.455250e-02
8.140000e-01 3.441000e-02
8.150000e-01 3.426705e-02
8.160000e-01 3.412364e-02
8.170000e-01 3.397977e-02
8.180000e-01 3.383545e-02
8.190000e-01 3.369068e-02
8.200000e-01 3.354545e-02
8.210000e-01 3.339977e-02
8.220000e-01 3.325364e-02
8.230000e-01 3.310705e-02
8.240000e-01 3.296000e-02
8.250000e-01 3.281250e-02
8.260000e-01 3.266455e-02
8.270000e-01 3.251614e-02
8.280000e-01 3.236727e-02
8.290000e-01 3.221795e-02
8.300000e-01 3.206818e-02
8.310000e-01 3.191795e-02
8.320000e-01 3.176727e-02
8.330000e-01 3.161614e-02
8.340000e-01 3.146455e-02
8.350000e-01 3.131250e-02
8.360000e-01 3.116000e-02
8.370000e-01 3.100705e-02
8.380000e-01 3.085364e-02
8.390000e-01 3.069977e-02
8.400000e-01 3.054545e-02
8.410000e-01 3.039068e-02
8.420000e-01 3.023545e-02
8.430000e-01 3.007977e-02
8.440000e-01 2.992364e-02
8.450000e-01 2.976705e-02
8.460000e-01 2.961000e-02
8.470000e-01 2.945250e-02
8.480000e-01 2.929455e-02
8.490000e-01 2.913614e-02
8.500000e-01 2.897727e-02
8.510000e-01 2.881795e-02
8.520000e-01 2.865818e-02
8.530000e-01 2.849795e-02
8.540000e-01 2.833727e-02
8.550000e-01 2.817614e-02
8.560000e-01 2.801455e-02
8.570000e-01 2.785250e-02
8.580000e-01 2.769000e-02
8.590000e-01 2.752705e-02
8.600000e-01 2.736364e-02
8.610000e-01 2.719977e-02
8.620000e-01 2.703545e-02
8.630000e-01 2.687068e-02
8.640000e-01 2.670545e-02
8.650000e-01 2.653977e-02
8.660000e-01 2.637364e-02
8.670000e-01 2.620705e-02
8.680000e-01 2.604000e-02
8.690000e-01 2.587250e-02
8.700000e-01 2.570455e-02
8.710000e-01 2.553614e-02
8.720000e-01 2.536727e-02
8.730000e-01 2.519795e-02
8.740000e-01 2.502818e-02
8.750000e-01 2.485795e-02
8.760000e-01 2.468727e-02
8.770000e-01 2.451614e-02
8.780000e-01 2.434455e-02
8.790000e-01 2.417250e-02
8.800000e-01 2.400000e-02
8.810000e-01 2.382705e-02
8.820000e-01 2.365364e-02
8.830000e-01 2.347977e-02
8.840000e-01 2.330545e-02
8.850000e-01 2.313068e-02
8.860000e-01 2.295545e-02
8.870000e-01 2.277977e-02
8.880000e-01 2.260364e-02
8.890000e-01 2.242705e-02
8.900000e-01 2.225000e-02
8.910000e-01 2.207250e-02
8.920000e-01 2.189455e-02
8.930000e-01 2.171614e-02
8.940000e-01 2.153727e-02
8.950000e-01 2.135795e-02
8.960000e-01 2.117818e-02
8.970000e-01 2.099795e-02
8.980000e-01 2.081727e-02
8.990000e-01 2.063614e-02
9.000000e-01 2.045455e-02
9.010000e-01 2.027250e-02
9.020000e-01 2.009000e-02
9.030000e-01 1.990705e-02
9.040000e-01 1.972364e-02
9.050000e-01 1.953977e-02
9.060000e-01 1.935545e-02
9.070000e-01 1.917068e-02
9.080000e-01 1.898545e-02
9.090000e-01 1.879977e-02
9.100000e-01 1.861364e-02
9.110000e-01 1.842705e-02
9.120000e-01 1.824000e-02
9.130000e-01 1.805250e-02
9.140000e-01 1.786455e-02
9.150000e-01 1.767614e-02
9.160000e-01 1.748727e-02
9.170000e-01 1.729795e-02
9.180000e-01 1.710818e-02
9.190000e-01 1.691795e-02
9.200000e-01 1.672727e-02
9.210000e-01 1.653614e-02
9.220000e-01 1.634455e-02
9.230000e-01 1.615250e-02
9.240000e-01 1.596000e-02
9.250000e-01 1.576705e-02
9.260000e-01 1.557364e-02
9.270000e-01 1.537977e-02
9.280000e-01 1.518545e-02
9.290000e-01 1.499068e-02
9.300000e-01 1.479545e-02
9.310000e-01 1.459977e-02
9.320000e-01 1.440364e-02
9.330000e-01 1.420705e-02
9.340000e-01 1.401000e-02
9.350000e-01 1.381250e-02
9.360000e-01 1.361455e-02
9.370000e-01 1.341614e-02
9.380000e-01 1.321727e-02
9.390000e-01 1.301795e-02
9.400000e-01 1.281818e-02
9.410000e-01 1.261795e-02
9.420000e-01 1.241727e-02
9.430000e-01 1.221614e-02
9.440000e-01 1.201455e-02
9.450000e-01 1.181250e-02
9.460000e-01 1.161000e-02
9.470000e-01 1.140705e-02
9.480000e-01 1.120364e-02
9.490000e-01 1.099977e-02
9.500000e-01 1.079545e-02
9.510000e-01 1.059068e-02
9.520000e-01 1.038545e-02
9.530000e-01 1.017977e-02
9.540000e-01 9.973636e-03
9.550000e-01 9.767045e-03
9.560000e-01 9.560000e-03
9.570000e-01 9.352500e-03
9.580000e-01 9.144545e-03
9.590000e-01 8.936136e-03
9.600000e-01 8.727273e-03
9.610000e-01 8.517955e-03
9.620000e-01 8.308182e-03
9.630000e-01 8.097955e-03
9.640000e-01 7.887273e-03
9.650000e-01 7.676136e-03
9.660000e-01 7.464545e-03
9.670000e-01 7.252500e-03
9.680000e-01 7.040000e-03
9.690000e-01 6.827045e-03
9.700000e-01 6.613636e-03
9.710000e-01 6.399773e-03
9.720000e-01 6.185455e-03
9.730000e-01 5.970682e-03
9.740000e-01 5.755455e-03
9.750000e-01 5.539773e-03
9.760000e-01 5.323636e-03
9.770000e-01 5.107045e-03
9.780000e-01 4.890000e-03
9.790000e-01 4.672500e-03
9.800000e-01 4.454545e-03
9.810000e-01 4.236136e-03
9.820000e-01 4.017273e-03
9.830000e-01 3.797955e-03
9.840000e-01 3.578182e-03
9.850000e-01 3.357955e-03
9.860000e-01 3.137273e-03
9.870000e-01 2.916136e-03
9.880000e-01 2.694545e-03
9.890000e-01 2.472500e-03
9.900000e-01 2.250000e-03
9.910000e-01 2.027045e-03
9.920000e-01 1.803636e-03
9.930000e-01 1.579773e-03
9.940000e-01 1.355455e-03
9.950000e-01 1.130682e-03
9.960000e-01 9.054545e-04
9.970000e-01 6.797727e-04
9.980000e-01 4.536364e-04
9.990000e-01 2.270455e-04
