0.000000e+00 0.000000e+00
1.000000e-03 1.058820e-04
2.000000e-03 2.120372e-04
3.000000e-03 3.184641e-04
4.000000e-03 4.251612e-04
5.000000e-03 5.321271e-04
6.000000e-03 6.393604e-04
7.000000e-03 7.468595e-04
8.000000e-03 8.546230e-04
9.000000e-03 9.626495e-04
1.000000e-02 1.070937e-03
1.100000e-02 1.179486e-03
1.200000e-02 1.288292e-03
1.300000e-02 1.397356e-03
1.400000e-02 1.506675e-03
1.500000e-02 1.616249e-03
1.600000e-02 1.726075e-03
1.700000e-02 1.836153e-03
1.800000e-02 1.946480e-03
1.900000e-02 2.057056e-03
2.000000e-02 2.167879e-03
2.100000e-02 2.278947e-03
2.200000e-02 2.390259e-03
2.300000e-02 2.501814e-03
2.400000e-02 2.613610e-03
2.500000e-02 2.725645e-03
2.600000e-02 2.837919e-03
2.700000e-02 2.950429e-03
2.800000e-02 3.063175e-03
2.900000e-02 3.176154e-03
3.000000e-02 3.289366e-03
3.100000e-02 3.402808e-03
3.200000e-02 3.516480e-03
3.300000e-02 3.630380e-03
3.400000e-02 3.744506e-03
3.500000e-02 3.858858e-03
3.600000e-02 3.973433e-03
3.700000e-02 4.088230e-03
3.800000e-02 4.203248e-03
3.900000e-02 4.318485e-03
4.000000e-02 4.433939e-03
4.100000e-02 4.549610e-03
4.200000e-02 4.665496e-03
4.300000e-02 4.781596e-03
4.400000e-02 4.897907e-03
4.500000e-02 5.014428e-03
4.600000e-02 5.131159e-03
4.700000e-02 5.248097e-03
4.800000e-02 5.365241e-03
4.900000e-02 5.482590e-03
5.000000e-02 5.600142e-03
5.100000e-02 5.717896e-03
5.200000e-02 5.835850e-03
5.300000e-02 5.954002e-03
5.400000e-02 6.072352e-03
5.500000e-02 6.190898e-03
5.600000e-02 6.309639e-03
5.700000e-02 6.428572e-03
5.800000e-02 6.547697e-03
5.900000e-02 6.667012e-03
6.000000e-02 6.786515e-03
6.100000e-02 6.906206e-03
6.200000e-02 7.026082e-03
6.300000e-02 7.146142e-03
6.400000e-02 7.266385e-03
6.500000e-02 7.386810e-03
6.600000e-02 7.507414e-03
6.700000e-02 7.628197e-03
6.800000e-02 7.749156e-03
6.900000e-02 7.870291e-03
7.000000e-02 7.991600e-03
7.100000e-02 8.113082e-03
7.200000e-02 8.234735e-03
7.300000e-02 8.356557e-03
7.400000e-02 8.478547e-03
7.500000e-02 8.600704e-03
7.600000e-02 8.723027e-03
7.700000e-02 8.845513e-03
7.800000e-02 8.968161e-03
7.900000e-02 9.090971e-03
8.000000e-02 9.213939e-03
8.100000e-02 9.337066e-03
8.200000e-02 9.460349e-03
8.300000e-02 9.583788e-03
8.400000e-02 9.707379e-03
8.500000e-02 9.831123e-03
8.600000e-02 9.955018e-03
8.700000e-02 1.007906e-02
8.800000e-02 1.020325e-02
8.900000e-02 1.032759e-02
9.000000e-02 1.045207e-02
9.100000e-02 1.057670e-02
9.200000e-02 1.070147e-02
9.300000e-02 1.082638e-02
9.400000e-02 1.095142e-02
9.500000e-02 1.107661e-02
9.600000e-02 1.120193e-02
9.700000e-02 1.132739e-02
9.800000e-02 1.145297e-02
9.900000e-02 1.157869e-02
1.000000e-01 1.170455e-02
1.010000e-01 1.183053e-02
1.020000e-01 1.195663e-02
1.030000e-01 1.208286e-02
1.040000e-01 1.220922e-02
1.050000e-01 1.233570e-02
1.060000e-01 1.246230e-02
1.070000e-01 1.258903e-02
1.080000e-01 1.271587e-02
1.090000e-01 1.284282e-02
1.100000e-01 1.296990e-02
1.110000e-01 1.309708e-02
1.120000e-01 1.322438e-02
1.130000e-01 1.335179e-02
1.140000e-01 1.347932e-02
1.150000e-01 1.360694e-02
1.160000e-01 1.373468e-02
1.170000e-01 1.386252e-02
1.180000e-01 1.399047e-02
1.190000e-01 1.411852e-02
1.200000e-01 1.424667e-02
1.210000e-01 1.437492e-02
1.220000e-01 1.450326e-02
1.230000e-01 1.463171e-02
1.240000e-01 1.476025e-02
1.250000e-01 1.488888e-02
1.260000e-01 1.501760e-02
1.270000e-01 1.514642e-02
1.280000e-01 1.527533e-02
1.290000e-01 1.540432e-02
1.300000e-01 1.553340e-02
1.310000e-01 1.566256e-02
1.320000e-01 1.579181e-02
1.330000e-01 1.592114e-02
1.340000e-01 1.605056e-02
1.350000e-01 1.618005e-02
1.360000e-01 1.630961e-02
1.370000e-01 1.643926e-02
1.380000e-01 1.656898e-02
1.390000e-01 1.669877e-02
1.400000e-01 1.682864e-02
1.410000e-01 1.695857e-02
1.420000e-01 1.708858e-02
1.430000e-01 1.721865e-02
1.440000e-01 1.734879e-02
1.450000e-01 1.747899e-02
1.460000e-01 1.760925e-02
1.470000e-01 1.773958e-02
1.480000e-01 1.786997e-02
1.490000e-01 1.800041e-02
1.500000e-01 1.813092e-02
1.510000e-01 1.826148e-02
1.520000e-01 1.839209e-02
1.530000e-01 1.852276e-02
1.540000e-01 1.865348e-02
1.550000e-01 1.878425e-02
1.560000e-01 1.891506e-02
1.570000e-01 1.904593e-02
1.580000e-01 1.917684e-02
1.590000e-01 1.930779e-02
1.600000e-01 1.943879e-02
1.610000e-01 1.956983e-02
1.620000e-01 1.970090e-02
1.630000e-01 1.983202e-02
1.640000e-01 1.996317e-02
1.650000e-01 2.009436e-02
1.660000e-01 2.022558e-02
1.670000e-01 2.035684e-02
1.680000e-01 2.048813e-02
1.690000e-01 2.061944e-02
1.700000e-01 2.075079e-02
1.710000e-01 2.088216e-02
1.720000e-01 2.101355e-02
1.730000e-01 2.114497e-02
1.740000e-01 2.127641e-02
1.750000e-01 2.140788e-02
1.760000e-01 2.153936e-02
1.770000e-01 2.167086e-02
1.780000e-01 2.180238e-02
1.790000e-01 2.193391e-02
1.800000e-01 2.206545e-02
1.810000e-01 2.219701e-02
1.820000e-01 2.232858e-02
1.830000e-01 2.246016e-02
1.840000e-01 2.259174e-02
1.850000e-01 2.272333e-02
1.860000e-01 2.285493e-02
1.870000e-01 2.298653e-02
1.880000e-01 2.311813e-02
1.890000e-01 2.324973e-02
1.900000e-01 2.338134e-02
1.910000e-01 2.351293e-02
1.920000e-01 2.364453e-02
1.930000e-01 2.377612e-02
1.940000e-01 2.390770e-02
1.950000e-01 2.403927e-02
1.960000e-01 2.417084e-02
1.970000e-01 2.430239e-02
1.980000e-01 2.443393e-02
1.990000e-01 2.456546e-02
2.000000e-01 2.469697e-02
2.010000e-01 2.482846e-02
2.020000e-01 2.495994e-02
2.030000e-01 2.509139e-02
2.040000e-01 2.522283e-02
2.050000e-01 2.535424e-02
2.060000e-01 2.548563e-02
2.070000e-01 2.561699e-02
2.080000e-01 2.574832e-02
2.090000e-01 2.587962e-02
2.100000e-01 2.601090e-02
2.110000e-01 2.614214e-02
2.120000e-01 2.627335e-02
2.130000e-01 2.640453e-02
2.140000e-01 2.653567e-02
2.150000e-01 2.666677e-02
2.160000e-01 2.679783e-02
2.170000e-01 2.692886e-02
2.180000e-01 2.705984e-02
2.190000e-01 2.719077e-02
2.200000e-01 2.732167e-02
2.210000e-01 2.745251e-02
2.220000e-01 2.758331e-02
2.230000e-01 2.771406e-02
2.240000e-01 2.784476e-02
2.250000e-01 2.797541e-02
2.260000e-01 2.810600e-02
2.270000e-01 2.823654e-02
2.280000e-01 2.836702e-02
2.290000e-01 2.849745e-02
2.300000e-01 2.862781e-02
2.310000e-01 2.875812e-02
2.320000e-01 2.888836e-02
2.330000e-01 2.901854e-02
2.340000e-01 2.914865e-02
2.350000e-01 2.927870e-02
2.360000e-01 2.940868e-02
2.370000e-01 2.953858e-02
2.380000e-01 2.966842e-02
2.390000e-01 2.979819e-02
2.400000e-01 2.992788e-02
2.410000e-01 3.005749e-02
2.420000e-01 3.018703e-02
2.430000e-01 3.031650e-02
2.440000e-01 3.044588e-02
2.450000e-01 3.057518e-02
2.460000e-01 3.070439e-02
2.470000e-01 3.083353e-02
2.480000e-01 3.096257e-02
2.490000e-01 3.109154e-02
2.500000e-01 3.122041e-02
2.510000e-01 3.134919e-02
2.520000e-01 3.147788e-02
2.530000e-01 3.160648e-02
2.540000e-01 3.173498e-02
2.550000e-01 3.186339e-02
2.560000e-01 3.199170e-02
2.570000e-01 3.211991e-02
2.580000e-01 3.224802e-02
2.590000e-01 3.237603e-02
2.600000e-01 3.250394e-02
2.610000e-01 3.263174e-02
2.620000e-01 3.275944e-02
2.630000e-01 3.288703e-02
2.640000e-01 3.301451e-02
2.650000e-01 3.314188e-02
2.660000e-01 3.326913e-02
2.670000e-01 3.339628e-02
2.680000e-01 3.352331e-02
2.690000e-01 3.365022e-02
2.700000e-01 3.377702e-02
2.710000e-01 3.390369e-02
2.720000e-01 3.403025e-02
2.730000e-01 3.415668e-02
2.740000e-01 3.428299e-02
2.750000e-01 3.440918e-02
2.760000e-01 3.453524e-02
2.770000e-01 3.466117e-02
2.780000e-01 3.478697e-02
2.790000e-01 3.491264e-02
2.800000e-01 3.503818e-02
2.810000e-01 3.516359e-02
2.820000e-01 3.528886e-02
2.830000e-01 3.541399e-02
2.840000e-01 3.553899e-02
2.850000e-01 3.566384e-02
2.860000e-01 3.578856e-02
2.870000e-01 3.591313e-02
2.880000e-01 3.603756e-02
2.890000e-01 3.616184e-02
2.900000e-01 3.628598e-02
2.910000e-01 3.640996e-02
2.920000e-01 3.653380e-02
2.930000e-01 3.665749e-02
2.940000e-01 3.678102e-02
2.950000e-01 3.690440e-02
2.960000e-01 3.702763e-02
2.970000e-01 3.715069e-02
2.980000e-01 3.727360e-02
2.990000e-01 3.739635e-02
3.000000e-01 3.751894e-02
3.010000e-01 3.764136e-02
3.020000e-01 3.776362e-02
3.030000e-01 3.788572e-02
3.040000e-01 3.800765e-02
3.050000e-01 3.812940e-02
3.060000e-01 3.825099e-02
3.070000e-01 3.837241e-02
3.080000e-01 3.849365e-02
3.090000e-01 3.861472e-02
3.100000e-01 3.873562e-02
3.110000e-01 3.885633e-02
3.120000e-01 3.897687e-02
3.130000e-01 3.909722e-02
3.140000e-01 3.921740e-02
3.150000e-01 3.933739e-02
3.160000e-01 3.945720e-02
3.170000e-01 3.957682e-02
3.180000e-01 3.969625e-02
3.190000e-01 3.981549e-02
3.200000e-01 3.993455e-02
3.210000e-01 4.005341e-02
3.220000e-01 4.017207e-02
3.230000e-01 4.029055e-02
3.240000e-01 4.040882e-02
3.250000e-01 4.052690e-02
3.260000e-01 4.064478e-02
3.270000e-01 4.076246e-02
3.280000e-01 4.087993e-02
3.290000e-01 4.099720e-02
3.300000e-01 4.111427e-02
3.310000e-01 4.123113e-02
3.320000e-01 4.134778e-02
3.330000e-01 4.146423e-02
3.340000e-01 4.158046e-02
3.350000e-01 4.169648e-02
3.360000e-01 4.181228e-02
3.370000e-01 4.192787e-02
3.380000e-01 4.204324e-02
3.390000e-01 4.215840e-02
3.400000e-01 4.227333e-02
3.410000e-01 4.238805e-02
3.420000e-01 4.250254e-02
3.430000e-01 4.261680e-02
3.440000e-01 4.273085e-02
3.450000e-01 4.284466e-02
3.460000e-01 4.295825e-02
3.470000e-01 4.307160e-02
3.480000e-01 4.318473e-02
3.490000e-01 4.329762e-02
3.500000e-01 4.341027e-02
3.510000e-01 4.352270e-02
3.520000e-01 4.363488e-02
3.530000e-01 4.374683e-02
3.540000e-01 4.385853e-02
3.550000e-01 4.396999e-02
3.560000e-01 4.408121e-02
3.570000e-01 4.419219e-02
3.580000e-01 4.430292e-02
3.590000e-01 4.441340e-02
3.600000e-01 4.452364e-02
3.610000e-01 4.463362e-02
3.620000e-01 4.474335e-02
3.630000e-01 4.485283e-02
3.640000e-01 4.496205e-02
3.650000e-01 4.507102e-02
3.660000e-01 4.517973e-02
3.670000e-01 4.528818e-02
3.680000e-01 4.539637e-02
3.690000e-01 4.550430e-02
3.700000e-01 4.561196e-02
3.710000e-01 4.571936e-02
3.720000e-01 4.582649e-02
3.730000e-01 4.593336e-02
3.740000e-01 4.603995e-02
3.750000e-01 4.614628e-02
3.760000e-01 4.625233e-02
3.770000e-01 4.635811e-02
3.780000e-01 4.646361e-02
3.790000e-01 4.656884e-02
3.800000e-01 4.667379e-02
3.810000e-01 4.677846e-02
3.820000e-01 4.688285e-02
3.830000e-01 4.698695e-02
3.840000e-01 4.709077e-02
3.850000e-01 4.719431e-02
3.860000e-01 4.729756e-02
3.870000e-01 4.740052e-02
3.880000e-01 4.750319e-02
3.890000e-01 4.760557e-02
3.900000e-01 4.770766e-02
3.910000e-01 4.780945e-02
3.920000e-01 4.791095e-02
3.930000e-01 4.801215e-02
3.940000e-01 4.811306e-02
3.950000e-01 4.821366e-02
3.960000e-01 4.831396e-02
3.970000e-01 4.841396e-02
3.980000e-01 4.851365e-02
3.990000e-01 4.861304e-02
4.000000e-01 4.871212e-02
4.010000e-01 4.881089e-02
4.020000e-01 4.890936e-02
4.030000e-01 4.900751e-02
4.040000e-01 4.910534e-02
4.050000e-01 4.920287e-02
4.060000e-01 4.930007e-02
4.070000e-01 4.939696e-02
4.080000e-01 4.949353e-02
4.090000e-01 4.958978e-02
4.100000e-01 4.968571e-02
4.110000e-01 4.978132e-02
4.120000e-01 4.987660e-02
4.130000e-01 4.997155e-02
4.140000e-01 5.006618e-02
4.150000e-01 5.016047e-02
4.160000e-01 5.025444e-02
4.170000e-01 5.034807e-02
4.180000e-01 5.044137e-02
4.190000e-01 5.053434e-02
4.200000e-01 5.062697e-02
4.210000e-01 5.071926e-02
4.220000e-01 5.081121e-02
4.230000e-01 5.090283e-02
4.240000e-01 5.099409e-02
4.250000e-01 5.108502e-02
4.260000e-01 5.117560e-02
4.270000e-01 5.126583e-02
4.280000e-01 5.135572e-02
4.290000e-01 5.144526e-02
4.300000e-01 5.153444e-02
4.310000e-01 5.162327e-02
4.320000e-01 5.171175e-02
4.330000e-01 5.179988e-02
4.340000e-01 5.188764e-02
4.350000e-01 5.197505e-02
4.360000e-01 5.206210e-02
4.370000e-01 5.214879e-02
4.380000e-01 5.223511e-02
4.390000e-01 5.232107e-02
4.400000e-01 5.240667e-02
4.410000e-01 5.249189e-02
4.420000e-01 5.257675e-02
4.430000e-01 5.266124e-02
4.440000e-01 5.274536e-02
4.450000e-01 5.282911e-02
4.460000e-01 5.291248e-02
4.470000e-01 5.299547e-02
4.480000e-01 5.307809e-02
4.490000e-01 5.316033e-02
4.500000e-01 5.324219e-02
4.510000e-01 5.332366e-02
4.520000e-01 5.340476e-02
4.530000e-01 5.348547e-02
4.540000e-01 5.356579e-02
4.550000e-01 5.364573e-02
4.560000e-01 5.372528e-02
4.570000e-01 5.380443e-02
4.580000e-01 5.388320e-02
4.590000e-01 5.396157e-02
4.600000e-01 5.403955e-02
4.610000e-01 5.411713e-02
4.620000e-01 5.419431e-02
4.630000e-01 5.427109e-02
4.640000e-01 5.434748e-02
4.650000e-01 5.442346e-02
4.660000e-01 5.449904e-02
4.670000e-01 5.457421e-02
4.680000e-01 5.464897e-02
4.690000e-01 5.472333e-02
4.700000e-01 5.479728e-02
4.710000e-01 5.487082e-02
4.720000e-01 5.494395e-02
4.730000e-01 5.501666e-02
4.740000e-01 5.508896e-02
4.750000e-01 5.516084e-02
4.760000e-01 5.523230e-02
4.770000e-01 5.530334e-02
4.780000e-01 5.537396e-02
4.790000e-01 5.544416e-02
4.800000e-01 5.551394e-02
4.810000e-01 5.558329e-02
4.820000e-01 5.565221e-02
4.830000e-01 5.572071e-02
4.840000e-01 5.578877e-02
4.850000e-01 5.585641e-02
4.860000e-01 5.592361e-02
4.870000e-01 5.599038e-02
4.880000e-01 5.605671e-02
4.890000e-01 5.612260e-02
4.900000e-01 5.618806e-02
4.910000e-01 5.625307e-02
4.920000e-01 5.631765e-02
4.930000e-01 5.638178e-02
4.940000e-01 5.644547e-02
4.950000e-01 5.650871e-02
4.960000e-01 5.657151e-02
4.970000e-01 5.663385e-02
4.980000e-01 5.669575e-02
4.990000e-01 5.675719e-02
5.000000e-01 5.681818e-02
5.010000e-01 5.687872e-02
5.020000e-01 5.693880e-02
5.030000e-01 5.699842e-02
5.040000e-01 5.705759e-02
5.050000e-01 5.711629e-02
5.060000e-01 5.717453e-02
5.070000e-01 5.723231e-02
5.080000e-01 5.728962e-02
5.090000e-01 5.734647e-02
5.100000e-01 5.740285e-02
5.110000e-01 5.745876e-02
5.120000e-01 5.751420e-02
5.130000e-01 5.756917e-02
5.140000e-01 5.762366e-02
5.150000e-01 5.767768e-02
5.160000e-01 5.773123e-02
5.170000e-01 5.778429e-02
5.180000e-01 5.783688e-02
5.190000e-01 5.788898e-02
5.200000e-01 5.794061e-02
5.210000e-01 5.799175e-02
5.220000e-01 5.804240e-02
5.230000e-01 5.809257e-02
5.240000e-01 5.814225e-02
5.250000e-01 5.819144e-02
5.260000e-01 5.824013e-02
5.270000e-01 5.828834e-02
5.280000e-01 5.833605e-02
5.290000e-01 5.838327e-02
5.300000e-01 5.842999e-02
5.310000e-01 5.847621e-02
5.320000e-01 5.852193e-02
5.330000e-01 5.856716e-02
5.340000e-01 5.861187e-02
5.350000e-01 5.865609e-02
5.360000e-01 5.869980e-02
5.370000e-01 5.874300e-02
5.380000e-01 5.878569e-02
5.390000e-01 5.882787e-02
5.400000e-01 5.886955e-02
5.410000e-01 5.891070e-02
5.420000e-01 5.895135e-02
5.430000e-01 5.899148e-02
5.440000e-01 5.903109e-02
5.450000e-01 5.907018e-02
5.460000e-01 5.910875e-02
5.470000e-01 5.914680e-02
5.480000e-01 5.918433e-02
5.490000e-01 5.922134e-02
5.500000e-01 5.925781e-02
5.510000e-01 5.929376e-02
5.520000e-01 5.932918e-02
5.530000e-01 5.936407e-02
5.540000e-01 5.939843e-02
5.550000e-01 5.943226e-02
5.560000e-01 5.946555e-02
5.570000e-01 5.949830e-02
5.580000e-01 5.953052e-02
5.590000e-01 5.956220e-02
5.600000e-01 5.959333e-02
5.610000e-01 5.962393e-02
5.620000e-01 5.965398e-02
5.630000e-01 5.968349e-02
5.640000e-01 5.971245e-02
5.650000e-01 5.974086e-02
5.660000e-01 5.976872e-02
5.670000e-01 5.979603e-02
5.680000e-01 5.982279e-02
5.690000e-01 5.984900e-02
5.700000e-01 5.987465e-02
5.710000e-01 5.989974e-02
5.720000e-01 5.992428e-02
5.730000e-01 5.994826e-02
5.740000e-01 5.997167e-02
5.750000e-01 5.999453e-02
5.760000e-01 6.001681e-02
5.770000e-01 6.003854e-02
5.780000e-01 6.005970e-02
5.790000e-01 6.008028e-02
5.800000e-01 6.010030e-02
5.810000e-01 6.011975e-02
5.820000e-01 6.013863e-02
5.830000e-01 6.015693e-02
5.840000e-01 6.017465e-02
5.850000e-01 6.019180e-02
5.860000e-01 6.020837e-02
5.870000e-01 6.022436e-02
5.880000e-01 6.023977e-02
5.890000e-01 6.025459e-02
5.900000e-01 6.026884e-02
5.910000e-01 6.028249e-02
5.920000e-01 6.029556e-02
5.930000e-01 6.030804e-02
5.940000e-01 6.031993e-02
5.950000e-01 6.033123e-02
5.960000e-01 6.034193e-02
5.970000e-01 6.035204e-02
5.980000e-01 6.036155e-02
5.990000e-01 6.037047e-02
6.000000e-01 6.037879e-02
6.010000e-01 6.038651e-02
6.020000e-01 6.039362e-02
6.030000e-01 6.040013e-02
6.040000e-01 6.040604e-02
6.050000e-01 6.041134e-02
6.060000e-01 6.041603e-02
6.070000e-01 6.042012e-02
6.080000e-01 6.042359e-02
6.090000e-01 6.042645e-02
6.100000e-01 6.042870e-02
6.110000e-01 6.043034e-02
6.120000e-01 6.043135e-02
6.130000e-01 6.043175e-02
6.140000e-01 6.043153e-02
6.150000e-01 6.043069e-02
6.160000e-01 6.042923e-02
6.170000e-01 6.042714e-02
6.180000e-01 6.042443e-02
6.190000e-01 6.042109e-02
6.200000e-01 6.041712e-02
6.210000e-01 6.041252e-02
6.220000e-01 6.040730e-02
6.230000e-01 6.040144e-02
6.240000e-01 6.039494e-02
6.250000e-01 6.038781e-02
6.260000e-01 6.038005e-02
6.270000e-01 6.037164e-02
6.280000e-01 6.036260e-02
6.290000e-01 6.035291e-02
6.300000e-01 6.034259e-02
6.310000e-01 6.033161e-02
6.320000e-01 6.032000e-02
6.330000e-01 6.030773e-02
6.340000e-01 6.029482e-02
6.350000e-01 6.028125e-02
6.360000e-01 6.026704e-02
6.370000e-01 6.025217e-02
6.380000e-01 6.023665e-02
6.390000e-01 6.022047e-02
6.400000e-01 6.020364e-02
6.410000e-01 6.018614e-02
6.420000e-01 6.016799e-02
6.430000e-01 6.014917e-02
6.440000e-01 6.012969e-02
6.450000e-01 6.010955e-02
6.460000e-01 6.008874e-02
6.470000e-01 6.006727e-02
6.480000e-01 6.004512e-02
6.490000e-01 6.002230e-02
6.500000e-01 5.999882e-02
6.510000e-01 5.997466e-02
6.520000e-01 5.994982e-02
6.530000e-01 5.992431e-02
6.540000e-01 5.989812e-02
6.550000e-01 5.987125e-02
6.560000e-01 5.984370e-02
6.570000e-01 5.981547e-02
6.580000e-01 5.978655e-02
6.590000e-01 5.975695e-02
6.600000e-01 5.972667e-02
6.610000e-01 5.969569e-02
6.620000e-01 5.966403e-02
6.630000e-01 5.963167e-02
6.640000e-01 5.959863e-02
6.650000e-01 5.956489e-02
6.660000e-01 5.953045e-02
6.670000e-01 5.949532e-02
6.680000e-01 5.945949e-02
6.690000e-01 5.942296e-02
6.700000e-01 5.938573e-02
6.710000e-01 5.934780e-02
6.720000e-01 5.930916e-02
6.730000e-01 5.926982e-02
6.740000e-01 5.922977e-02
6.750000e-01 5.918901e-02
6.760000e-01 5.914754e-02
6.770000e-01 5.910536e-02
6.780000e-01 5.906247e-02
6.790000e-01 5.901887e-02
6.800000e-01 5.897455e-02
6.810000e-01 5.892951e-02
6.820000e-01 5.888375e-02
6.830000e-01 5.883727e-02
6.840000e-01 5.879008e-02
6.850000e-01 5.874216e-02
6.860000e-01 5.869351e-02
6.870000e-01 5.864414e-02
6.880000e-01 5.859404e-02
6.890000e-01 5.854321e-02
6.900000e-01 5.849166e-02
6.910000e-01 5.843937e-02
6.920000e-01 5.838635e-02
6.930000e-01 5.833259e-02
6.940000e-01 5.827810e-02
6.950000e-01 5.822287e-02
6.960000e-01 5.816690e-02
6.970000e-01 5.811019e-02
6.980000e-01 5.805274e-02
6.990000e-01 5.799455e-02
7.000000e-01 5.793561e-02
7.010000e-01 5.787592e-02
7.020000e-01 5.781549e-02
7.030000e-01 5.775431e-02
7.040000e-01 5.769237e-02
7.050000e-01 5.762969e-02
7.060000e-01 5.756625e-02
7.070000e-01 5.750206e-02
7.080000e-01 5.743711e-02
7.090000e-01 5.737140e-02
7.100000e-01 5.730493e-02
7.110000e-01 5.723771e-02
7.120000e-01 5.716972e-02
7.130000e-01 5.710096e-02
7.140000e-01 5.703144e-02
7.150000e-01 5.696116e-02
7.160000e-01 5.689011e-02
7.170000e-01 5.681828e-02
7.180000e-01 5.674569e-02
7.190000e-01 5.667232e-02
7.200000e-01 5.659818e-02
7.210000e-01 5.652327e-02
7.220000e-01 5.644757e-02
7.230000e-01 5.637110e-02
7.240000e-01 5.629385e-02
7.250000e-01 5.621582e-02
7.260000e-01 5.613701e-02
7.270000e-01 5.605741e-02
7.280000e-01 5.597702e-02
7.290000e-01 5.589585e-02
7.300000e-01 5.581389e-02
7.310000e-01 5.573114e-02
7.320000e-01 5.564760e-02
7.330000e-01 5.556327e-02
7.340000e-01 5.547814e-02
7.350000e-01 5.539221e-02
7.360000e-01 5.530549e-02
7.370000e-01 5.521797e-02
7.380000e-01 5.512965e-02
7.390000e-01 5.504053e-02
7.400000e-01 5.495061e-02
7.410000e-01 5.485988e-02
7.420000e-01 5.476834e-02
7.430000e-01 5.467600e-02
7.440000e-01 5.458285e-02
7.450000e-01 5.448888e-02
7.460000e-01 5.439411e-02
7.470000e-01 5.429852e-02
7.480000e-01 5.420212e-02
7.490000e-01 5.410490e-02
7.500000e-01 5.400687e-02
7.510000e-01 5.390801e-02
7.520000e-01 5.380833e-02
7.530000e-01 5.370784e-02
7.540000e-01 5.360652e-02
7.550000e-01 5.350437e-02
7.560000e-01 5.340140e-02
7.570000e-01 5.329760e-02
7.580000e-01 5.319297e-02
7.590000e-01 5.308751e-02
7.600000e-01 5.298121e-02
7.610000e-01 5.287409e-02
7.620000e-01 5.276612e-02
7.630000e-01 5.265733e-02
7.640000e-01 5.254769e-02
7.650000e-01 5.243721e-02
7.660000e-01 5.232590e-02
7.670000e-01 5.221374e-02
7.680000e-01 5.210073e-02
7.690000e-01 5.198688e-02
7.700000e-01 5.187219e-02
7.710000e-01 5.175664e-02
7.720000e-01 5.164025e-02
7.730000e-01 5.152300e-02
7.740000e-01 5.140491e-02
7.750000e-01 5.128596e-02
7.760000e-01 5.116615e-02
7.770000e-01 5.104548e-02
7.780000e-01 5.092396e-02
7.790000e-01 5.080158e-02
7.800000e-01 5.067833e-02
7.810000e-01 5.055423e-02
7.820000e-01 5.042925e-02
7.830000e-01 5.030342e-02
7.840000e-01 5.017671e-02
7.850000e-01 5.004914e-02
7.860000e-01 4.992070e-02
7.870000e-01 4.979138e-02
7.880000e-01 4.966119e-02
7.890000e-01 4.953013e-02
7.900000e-01 4.939819e-02
7.910000e-01 4.926538e-02
7.920000e-01 4.913168e-02
7.930000e-01 4.899710e-02
7.940000e-01 4.886165e-02
7.950000e-01 4.872531e-02
7.960000e-01 4.858808e-02
7.970000e-01 4.844997e-02
7.980000e-01 4.831097e-02
7.990000e-01 4.817108e-02
8.000000e-01 4.803030e-02
8.010000e-01 4.788863e-02
8.020000e-01 4.774607e-02
8.030000e-01 4.760261e-02
8.040000e-01 4.745825e-02
8.050000e-01 4.731300e-02
8.060000e-01 4.716685e-02
8.070000e-01 4.701979e-02
8.080000e-01 4.687184e-02
8.090000e-01 4.672298e-02
8.100000e-01 4.657321e-02
8.110000e-01 4.642254e-02
8.120000e-01 4.627096e-02
8.130000e-01 4.611847e-02
8.140000e-01 4.596507e-02
8.150000e-01 4.581076e-02
8.160000e-01 4.565553e-02
8.170000e-01 4.549939e-02
8.180000e-01 4.534233e-02
8.190000e-01 4.518435e-02
8.200000e-01 4.502545e-02
8.210000e-01 4.486564e-02
8.220000e-01 4.470490e-02
8.230000e-01 4.454323e-02
8.240000e-01 4.438064e-02
8.250000e-01 4.421712e-02
8.260000e-01 4.405268e-02
8.270000e-01 4.388730e-02
8.280000e-01 4.372099e-02
8.290000e-01 4.355375e-02
8.300000e-01 4.338558e-02
8.310000e-01 4.321647e-02
8.320000e-01 4.304642e-02
8.330000e-01 4.287543e-02
8.340000e-01 4.270351e-02
8.350000e-01 4.253064e-02
8.360000e-01 4.235683e-02
8.370000e-01 4.218207e-02
8.380000e-01 4.200637e-02
8.390000e-01 4.182972e-02
8.400000e-01 4.165212e-02
8.410000e-01 4.147357e-02
8.420000e-01 4.129407e-02
8.430000e-01 4.111362e-02
8.440000e-01 4.093221e-02
8.450000e-01 4.074984e-02
8.460000e-01 4.056652e-02
8.470000e-01 4.038224e-02
8.480000e-01 4.019700e-02
8.490000e-01 4.001079e-02
8.500000e-01 3.982363e-02
8.510000e-01 3.963549e-02
8.520000e-01 3.944640e-02
8.530000e-01 3.925633e-02
8.540000e-01 3.906529e-02
8.550000e-01 3.887328e-02
8.560000e-01 3.868031e-02
8.570000e-01 3.848635e-02
8.580000e-01 3.829142e-02
8.590000e-01 3.809552e-02
8.600000e-01 3.789864e-02
8.610000e-01 3.770077e-02
8.620000e-01 3.750193e-02
8.630000e-01 3.730210e-02
8.640000e-01 3.710129e-02
8.650000e-01 3.689950e-02
8.660000e-01 3.669672e-02
8.670000e-01 3.649295e-02
8.680000e-01 3.628819e-02
8.690000e-01 3.608244e-02
8.700000e-01 3.587569e-02
8.710000e-01 3.566795e-02
8.720000e-01 3.545922e-02
8.730000e-01 3.524949e-02
8.740000e-01 3.503876e-02
8.750000e-01 3.482703e-02
8.760000e-01 3.461430e-02
8.770000e-01 3.440057e-02
8.780000e-01 3.418583e-02
8.790000e-01 3.397008e-02
8.800000e-01 3.375333e-02
8.810000e-01 3.353557e-02
8.820000e-01 3.331680e-02
8.830000e-01 3.309702e-02
8.840000e-01 3.287623e-02
8.850000e-01 3.265442e-02
8.860000e-01 3.243159e-02
8.870000e-01 3.220775e-02
8.880000e-01 3.198289e-02
8.890000e-01 3.175701e-02
8.900000e-01 3.153010e-02
8.910000e-01 3.130218e-02
8.920000e-01 3.107323e-02
8.930000e-01 3.084325e-02
8.940000e-01 3.061224e-02
8.950000e-01 3.038021e-02
8.960000e-01 3.014714e-02
8.970000e-01 2.991304e-02
8.980000e-01 2.967791e-02
8.990000e-01 2.944175e-02
9.000000e-01 2.920455e-02
9.010000e-01 2.896631e-02
9.020000e-01 2.872703e-02
9.030000e-01 2.848671e-02
9.040000e-01 2.824534e-02
9.050000e-01 2.800294e-02
9.060000e-01 2.775949e-02
9.070000e-01 2.751499e-02
9.080000e-01 2.726944e-02
9.090000e-01 2.702285e-02
9.100000e-01 2.677520e-02
9.110000e-01 2.652650e-02
9.120000e-01 2.627675e-02
9.130000e-01 2.602594e-02
9.140000e-01 2.577407e-02
9.150000e-01 2.552115e-02
9.160000e-01 2.526717e-02
9.170000e-01 2.501212e-02
9.180000e-01 2.475601e-02
9.190000e-01 2.449884e-02
9.200000e-01 2.424061e-02
9.210000e-01 2.398130e-02
9.220000e-01 2.372093e-02
9.230000e-01 2.345949e-02
9.240000e-01 2.319697e-02
9.250000e-01 2.293339e-02
9.260000e-01 2.266873e-02
9.270000e-01 2.240299e-02
9.280000e-01 2.213617e-02
9.290000e-01 2.186828e-02
9.300000e-01 2.159931e-02
9.310000e-01 2.132925e-02
9.320000e-01 2.105812e-02
9.330000e-01 2.078589e-02
9.340000e-01 2.051259e-02
9.350000e-01 2.023819e-02
9.360000e-01 1.996271e-02
9.370000e-01 1.968613e-02
9.380000e-01 1.940846e-02
9.390000e-01 1.912970e-02
9.400000e-01 1.884985e-02
9.410000e-01 1.856890e-02
9.420000e-01 1.828685e-02
9.430000e-01 1.800370e-02
9.440000e-01 1.771945e-02
9.450000e-01 1.743410e-02
9.460000e-01 1.714765e-02
9.470000e-01 1.686009e-02
9.480000e-01 1.657142e-02
9.490000e-01 1.628165e-02
9.500000e-01 1.599077e-02
9.510000e-01 1.569877e-02
9.520000e-01 1.540567e-02
9.530000e-01 1.511145e-02
9.540000e-01 1.481611e-02
9.550000e-01 1.451966e-02
9.560000e-01 1.422209e-02
9.570000e-01 1.392340e-02
9.580000e-01 1.362359e-02
9.590000e-01 1.332266e-02
9.600000e-01 1.302061e-02
9.610000e-01 1.271742e-02
9.620000e-01 1.241312e-02
9.630000e-01 1.210768e-02
9.640000e-01 1.180111e-02
9.650000e-01 1.149342e-02
9.660000e-01 1.118458e-02
9.670000e-01 1.087462e-02
9.680000e-01 1.056352e-02
9.690000e-01 1.025128e-02
9.700000e-01 9.937907e-03
9.710000e-01 9.623392e-03
9.720000e-01 9.307735e-03
9.730000e-01 8.990935e-03
9.740000e-01 8.672990e-03
9.750000e-01 8.353900e-03
9.760000e-01 8.033663e-03
9.770000e-01 7.712277e-03
9.780000e-01 7.389741e-03
9.790000e-01 7.066053e-03
9.800000e-01 6.741212e-03
9.810000e-01 6.415217e-03
9.820000e-01 6.088065e-03
9.830000e-01 5.759756e-03
9.840000e-01 5.430288e-03
9.850000e-01 5.099660e-03
9.860000e-01 4.767870e-03
9.870000e-01 4.434917e-03
9.880000e-01 4.100799e-03
9.890000e-01 3.765514e-03
9.900000e-01 3.429063e-03
9.910000e-01 3.091441e-03
9.920000e-01 2.752650e-03
9.930000e-01 2.412686e-03
9.940000e-01 2.071549e-03
9.950000e-01 1.729237e-03
9.960000e-01 1.385748e-03
9.970000e-01 1.041081e-03
9.980000e-01 6.952355e-04
9.990000e-01 3.482089e-04
