0.000000e+00 0.000000e+00
1.000000e-03 1.388933e-04
2.000000e-03 2.776860e-04
3.000000e-03 4.163798e-04
4.000000e-03 5.549764e-04
5.000000e-03 6.934775e-04
6.000000e-03 8.318849e-04
7.000000e-03 9.702003e-04
8.000000e-03 1.108425e-03
9.000000e-03 1.246562e-03
1.000000e-02 1.384611e-03
1.100000e-02 1.522575e-03
1.200000e-02 1.660456e-03
1.300000e-02 1.798254e-03
1.400000e-02 1.935972e-03
1.500000e-02 2.073611e-03
1.600000e-02 2.211174e-03
1.700000e-02 2.348661e-03
1.800000e-02 2.486073e-03
1.900000e-02 2.623414e-03
2.000000e-02 2.760684e-03
2.100000e-02 2.897885e-03
2.200000e-02 3.035018e-03
2.300000e-02 3.172085e-03
2.400000e-02 3.309088e-03
2.500000e-02 3.446028e-03
2.600000e-02 3.582907e-03
2.700000e-02 3.719725e-03
2.800000e-02 3.856486e-03
2.900000e-02 3.993189e-03
3.000000e-02 4.129838e-03
3.100000e-02 4.266432e-03
3.200000e-02 4.402974e-03
3.300000e-02 4.539465e-03
3.400000e-02 4.675907e-03
3.500000e-02 4.812301e-03
3.600000e-02 4.948648e-03
3.700000e-02 5.084950e-03
3.800000e-02 5.221208e-03
3.900000e-02 5.357424e-03
4.000000e-02 5.493599e-03
4.100000e-02 5.629735e-03
4.200000e-02 5.765833e-03
4.300000e-02 5.901894e-03
4.400000e-02 6.037919e-03
4.500000e-02 6.173911e-03
4.600000e-02 6.309870e-03
4.700000e-02 6.445797e-03
4.800000e-02 6.581695e-03
4.900000e-02 6.717564e-03
5.000000e-02 6.853405e-03
5.100000e-02 6.989221e-03
5.200000e-02 7.125012e-03
5.300000e-02 7.260779e-03
5.400000e-02 7.396525e-03
5.500000e-02 7.532249e-03
5.600000e-02 7.667954e-03
5.700000e-02 7.803640e-03
5.800000e-02 7.939309e-03
5.900000e-02 8.074962e-03
6.000000e-02 8.210601e-03
6.100000e-02 8.346226e-03
6.200000e-02 8.481839e-03
6.300000e-02 8.617440e-03
6.400000e-02 8.753032e-03
6.500000e-02 8.888615e-03
6.600000e-02 9.024190e-03
6.700000e-02 9.159759e-03
6.800000e-02 9.295323e-03
6.900000e-02 9.430883e-03
7.000000e-02 9.566439e-03
7.100000e-02 9.701994e-03
7.200000e-02 9.837548e-03
7.300000e-02 9.973102e-03
7.400000e-02 1.010866e-02
7.500000e-02 1.024422e-02
7.600000e-02 1.037978e-02
7.700000e-02 1.051534e-02
7.800000e-02 1.065092e-02
7.900000e-02 1.078650e-02
8.000000e-02 1.092208e-02
8.100000e-02 1.105768e-02
8.200000e-02 1.119328e-02
8.300000e-02 1.132890e-02
8.400000e-02 1.146453e-02
8.500000e-02 1.160017e-02
8.600000e-02 1.173583e-02
8.700000e-02 1.187150e-02
8.800000e-02 1.200718e-02
8.900000e-02 1.214288e-02
9.000000e-02 1.227860e-02
9.100000e-02 1.241434e-02
9.200000e-02 1.255010e-02
9.300000e-02 1.268588e-02
9.400000e-02 1.282168e-02
9.500000e-02 1.295750e-02
9.600000e-02 1.309335e-02
9.700000e-02 1.322922e-02
9.800000e-02 1.336511e-02
9.900000e-02 1.350103e-02
1.000000e-01 1.363698e-02
1.010000e-01 1.377295e-02
1.020000e-01 1.390896e-02
1.030000e-01 1.404499e-02
1.040000e-01 1.418105e-02
1.050000e-01 1.431715e-02
1.060000e-01 1.445327e-02
1.070000e-01 1.458943e-02
1.080000e-01 1.472562e-02
1.090000e-01 1.486184e-02
1.100000e-01 1.499810e-02
1.110000e-01 1.513440e-02
1.120000e-01 1.527073e-02
1.130000e-01 1.540709e-02
1.140000e-01 1.554350e-02
1.150000e-01 1.567994e-02
1.160000e-01 1.581643e-02
1.170000e-01 1.595295e-02
1.180000e-01 1.608951e-02
1.190000e-01 1.622612e-02
1.200000e-01 1.636276e-02
1.210000e-01 1.649945e-02
1.220000e-01 1.663618e-02
1.230000e-01 1.677296e-02
1.240000e-01 1.690978e-02
1.250000e-01 1.704665e-02
1.260000e-01 1.718356e-02
1.270000e-01 1.732052e-02
1.280000e-01 1.745752e-02
1.290000e-01 1.759457e-02
1.300000e-01 1.773167e-02
1.310000e-01 1.786882e-02
1.320000e-01 1.800602e-02
1.330000e-01 1.814327e-02
1.340000e-01 1.828057e-02
1.350000e-01 1.841792e-02
1.360000e-01 1.855532e-02
1.370000e-01 1.869277e-02
1.380000e-01 1.883028e-02
1.390000e-01 1.896784e-02
1.400000e-01 1.910545e-02
1.410000e-01 1.924311e-02
1.420000e-01 1.938083e-02
1.430000e-01 1.951861e-02
1.440000e-01 1.965644e-02
1.450000e-01 1.979432e-02
1.460000e-01 1.993227e-02
1.470000e-01 2.007027e-02
1.480000e-01 2.020832e-02
1.490000e-01 2.034643e-02
1.500000e-01 2.048461e-02
1.510000e-01 2.062284e-02
1.520000e-01 2.076112e-02
1.530000e-01 2.089947e-02
1.540000e-01 2.103788e-02
1.550000e-01 2.117634e-02
1.560000e-01 2.131487e-02
1.570000e-01 2.145346e-02
1.580000e-01 2.159210e-02
1.590000e-01 2.173081e-02
1.600000e-01 2.186958e-02
1.610000e-01 2.200841e-02
1.620000e-01 2.214731e-02
1.630000e-01 2.228626e-02
1.640000e-01 2.242528e-02
1.650000e-01 2.256436e-02
1.660000e-01 2.270351e-02
1.670000e-01 2.284271e-02
1.680000e-01 2.298199e-02
1.690000e-01 2.312132e-02
1.700000e-01 2.326072e-02
1.710000e-01 2.340018e-02
1.720000e-01 2.353971e-02
1.730000e-01 2.367930e-02
1.740000e-01 2.381896e-02
1.750000e-01 2.395868e-02
1.760000e-01 2.409846e-02
1.770000e-01 2.423831e-02
1.780000e-01 2.437823e-02
1.790000e-01 2.451821e-02
1.800000e-01 2.465826e-02
1.810000e-01 2.479838e-02
1.820000e-01 2.493856e-02
1.830000e-01 2.507880e-02
1.840000e-01 2.521911e-02
1.850000e-01 2.535949e-02
1.860000e-01 2.549993e-02
1.870000e-01 2.564044e-02
1.880000e-01 2.578102e-02
1.890000e-01 2.592166e-02
1.900000e-01 2.606237e-02
1.910000e-01 2.620315e-02
1.920000e-01 2.634399e-02
1.930000e-01 2.648490e-02
1.940000e-01 2.662587e-02
1.950000e-01 2.676691e-02
1.960000e-01 2.690802e-02
1.970000e-01 2.704920e-02
1.980000e-01 2.719044e-02
1.990000e-01 2.733174e-02
2.000000e-01 2.747311e-02
2.010000e-01 2.761455e-02
2.020000e-01 2.775606e-02
2.030000e-01 2.789763e-02
2.040000e-01 2.803927e-02
2.050000e-01 2.818097e-02
2.060000e-01 2.832274e-02
2.070000e-01 2.846457e-02
2.080000e-01 2.860647e-02
2.090000e-01 2.874844e-02
2.100000e-01 2.889047e-02
2.110000e-01 2.903256e-02
2.120000e-01 2.917472e-02
2.130000e-01 2.931695e-02
2.140000e-01 2.945924e-02
2.150000e-01 2.960159e-02
2.160000e-01 2.974401e-02
2.170000e-01 2.988649e-02
2.180000e-01 3.002903e-02
2.190000e-01 3.017164e-02
2.200000e-01 3.031431e-02
2.210000e-01 3.045705e-02
2.220000e-01 3.059984e-02
2.230000e-01 3.074270e-02
2.240000e-01 3.088562e-02
2.250000e-01 3.102861e-02
2.260000e-01 3.117165e-02
2.270000e-01 3.131476e-02
2.280000e-01 3.145793e-02
2.290000e-01 3.160116e-02
2.300000e-01 3.174444e-02
2.310000e-01 3.188779e-02
2.320000e-01 3.203120e-02
2.330000e-01 3.217467e-02
2.340000e-01 3.231819e-02
2.350000e-01 3.246178e-02
2.360000e-01 3.260542e-02
2.370000e-01 3.274912e-02
2.380000e-01 3.289288e-02
2.390000e-01 3.303669e-02
2.400000e-01 3.318056e-02
2.410000e-01 3.332449e-02
2.420000e-01 3.346847e-02
2.430000e-01 3.361251e-02
2.440000e-01 3.375660e-02
2.450000e-01 3.390075e-02
2.460000e-01 3.404495e-02
2.470000e-01 3.418920e-02
2.480000e-01 3.433351e-02
2.490000e-01 3.447787e-02
2.500000e-01 3.462228e-02
2.510000e-01 3.476674e-02
2.520000e-01 3.491126e-02
2.530000e-01 3.505582e-02
2.540000e-01 3.520043e-02
2.550000e-01 3.534509e-02
2.560000e-01 3.548980e-02
2.570000e-01 3.563456e-02
2.580000e-01 3.577937e-02
2.590000e-01 3.592422e-02
2.600000e-01 3.606912e-02
2.610000e-01 3.621406e-02
2.620000e-01 3.635905e-02
2.630000e-01 3.650408e-02
2.640000e-01 3.664916e-02
2.650000e-01 3.679428e-02
2.660000e-01 3.693944e-02
2.670000e-01 3.708464e-02
2.680000e-01 3.722989e-02
2.690000e-01 3.737517e-02
2.700000e-01 3.752050e-02
2.710000e-01 3.766586e-02
2.720000e-01 3.781126e-02
2.730000e-01 3.795670e-02
2.740000e-01 3.810218e-02
2.750000e-01 3.824769e-02
2.760000e-01 3.839324e-02
2.770000e-01 3.853882e-02
2.780000e-01 3.868443e-02
2.790000e-01 3.883008e-02
2.800000e-01 3.897576e-02
2.810000e-01 3.912147e-02
2.820000e-01 3.926722e-02
2.830000e-01 3.941299e-02
2.840000e-01 3.955879e-02
2.850000e-01 3.970462e-02
2.860000e-01 3.985047e-02
2.870000e-01 3.999636e-02
2.880000e-01 4.014226e-02
2.890000e-01 4.028820e-02
2.900000e-01 4.043415e-02
2.910000e-01 4.058013e-02
2.920000e-01 4.072613e-02
2.930000e-01 4.087216e-02
2.940000e-01 4.101820e-02
2.950000e-01 4.116426e-02
2.960000e-01 4.131034e-02
2.970000e-01 4.145644e-02
2.980000e-01 4.160255e-02
2.990000e-01 4.174868e-02
3.000000e-01 4.189483e-02
3.010000e-01 4.204098e-02
3.020000e-01 4.218715e-02
3.030000e-01 4.233333e-02
3.040000e-01 4.247953e-02
3.050000e-01 4.262573e-02
3.060000e-01 4.277194e-02
3.070000e-01 4.291816e-02
3.080000e-01 4.306438e-02
3.090000e-01 4.321061e-02
3.100000e-01 4.335684e-02
3.110000e-01 4.350308e-02
3.120000e-01 4.364932e-02
3.130000e-01 4.379556e-02
3.140000e-01 4.394180e-02
3.150000e-01 4.408804e-02
3.160000e-01 4.423427e-02
3.170000e-01 4.438051e-02
3.180000e-01 4.452674e-02
3.190000e-01 4.467296e-02
3.200000e-01 4.481918e-02
3.210000e-01 4.496538e-02
3.220000e-01 4.511158e-02
3.230000e-01 4.525777e-02
3.240000e-01 4.540395e-02
3.250000e-01 4.555011e-02
3.260000e-01 4.569627e-02
3.270000e-01 4.584240e-02
3.280000e-01 4.598852e-02
3.290000e-01 4.613462e-02
3.300000e-01 4.628071e-02
3.310000e-01 4.642677e-02
3.320000e-01 4.657281e-02
3.330000e-01 4.671883e-02
3.340000e-01 4.686482e-02
3.350000e-01 4.701079e-02
3.360000e-01 4.715674e-02
3.370000e-01 4.730265e-02
3.380000e-01 4.744854e-02
3.390000e-01 4.759440e-02
3.400000e-01 4.774022e-02
3.410000e-01 4.788601e-02
3.420000e-01 4.803177e-02
3.430000e-01 4.817749e-02
3.440000e-01 4.832317e-02
3.450000e-01 4.846882e-02
3.460000e-01 4.861442e-02
3.470000e-01 4.875999e-02
3.480000e-01 4.890551e-02
3.490000e-01 4.905098e-02
3.500000e-01 4.919642e-02
3.510000e-01 4.934180e-02
3.520000e-01 4.948714e-02
3.530000e-01 4.963242e-02
3.540000e-01 4.977766e-02
3.550000e-01 4.992284e-02
3.560000e-01 5.006797e-02
3.570000e-01 5.021304e-02
3.580000e-01 5.035805e-02
3.590000e-01 5.050301e-02
3.600000e-01 5.064790e-02
3.610000e-01 5.079273e-02
3.620000e-01 5.093750e-02
3.630000e-01 5.108221e-02
3.640000e-01 5.122685e-02
3.650000e-01 5.137142e-02
3.660000e-01 5.151592e-02
3.670000e-01 5.166035e-02
3.680000e-01 5.180470e-02
3.690000e-01 5.194899e-02
3.700000e-01 5.209319e-02
3.710000e-01 5.223732e-02
3.720000e-01 5.238137e-02
3.730000e-01 5.252534e-02
3.740000e-01 5.266922e-02
3.750000e-01 5.281302e-02
3.760000e-01 5.295674e-02
3.770000e-01 5.310037e-02
3.780000e-01 5.324391e-02
3.790000e-01 5.338735e-02
3.800000e-01 5.353071e-02
3.810000e-01 5.367397e-02
3.820000e-01 5.381713e-02
3.830000e-01 5.396020e-02
3.840000e-01 5.410317e-02
3.850000e-01 5.424604e-02
3.860000e-01 5.438880e-02
3.870000e-01 5.453146e-02
3.880000e-01 5.467401e-02
3.890000e-01 5.481645e-02
3.900000e-01 5.495879e-02
3.910000e-01 5.510101e-02
3.920000e-01 5.524312e-02
3.930000e-01 5.538511e-02
3.940000e-01 5.552698e-02
3.950000e-01 5.566874e-02
3.960000e-01 5.581037e-02
3.970000e-01 5.595189e-02
3.980000e-01 5.609327e-02
3.990000e-01 5.623453e-02
4.000000e-01 5.637566e-02
4.010000e-01 5.651667e-02
4.020000e-01 5.665754e-02
4.030000e-01 5.679827e-02
4.040000e-01 5.693887e-02
4.050000e-01 5.707933e-02
4.060000e-01 5.721965e-02
4.070000e-01 5.735983e-02
4.080000e-01 5.749986e-02
4.090000e-01 5.763975e-02
4.100000e-01 5.777949e-02
4.110000e-01 5.791909e-02
4.120000e-01 5.805853e-02
4.130000e-01 5.819781e-02
4.140000e-01 5.833694e-02
4.150000e-01 5.847591e-02
4.160000e-01 5.861473e-02
4.170000e-01 5.875338e-02
4.180000e-01 5.889186e-02
4.190000e-01 5.903018e-02
4.200000e-01 5.916833e-02
4.210000e-01 5.930632e-02
4.220000e-01 5.944413e-02
4.230000e-01 5.958176e-02
4.240000e-01 5.971922e-02
4.250000e-01 5.985650e-02
4.260000e-01 5.999360e-02
4.270000e-01 6.013052e-02
4.280000e-01 6.026725e-02
4.290000e-01 6.040380e-02
4.300000e-01 6.054015e-02
4.310000e-01 6.067632e-02
4.320000e-01 6.081229e-02
4.330000e-01 6.094806e-02
4.340000e-01 6.108364e-02
4.350000e-01 6.121902e-02
4.360000e-01 6.135419e-02
4.370000e-01 6.148916e-02
4.380000e-01 6.162392e-02
4.390000e-01 6.175848e-02
4.400000e-01 6.189282e-02
4.410000e-01 6.202695e-02
4.420000e-01 6.216087e-02
4.430000e-01 6.229456e-02
4.440000e-01 6.242804e-02
4.450000e-01 6.256129e-02
4.460000e-01 6.269432e-02
4.470000e-01 6.282712e-02
4.480000e-01 6.295969e-02
4.490000e-01 6.309203e-02
4.500000e-01 6.322413e-02
4.510000e-01 6.335600e-02
4.520000e-01 6.348763e-02
4.530000e-01 6.361901e-02
4.540000e-01 6.375016e-02
4.550000e-01 6.388106e-02
4.560000e-01 6.401171e-02
4.570000e-01 6.414210e-02
4.580000e-01 6.427225e-02
4.590000e-01 6.440214e-02
4.600000e-01 6.453177e-02
4.610000e-01 6.466114e-02
4.620000e-01 6.479025e-02
4.630000e-01 6.491909e-02
4.640000e-01 6.504766e-02
4.650000e-01 6.517597e-02
4.660000e-01 6.530400e-02
4.670000e-01 6.543175e-02
4.680000e-01 6.555923e-02
4.690000e-01 6.568643e-02
4.700000e-01 6.581334e-02
4.710000e-01 6.593997e-02
4.720000e-01 6.606631e-02
4.730000e-01 6.619236e-02
4.740000e-01 6.631812e-02
4.750000e-01 6.644358e-02
4.760000e-01 6.656874e-02
4.770000e-01 6.669361e-02
4.780000e-01 6.681816e-02
4.790000e-01 6.694242e-02
4.800000e-01 6.706636e-02
4.810000e-01 6.718999e-02
4.820000e-01 6.731331e-02
4.830000e-01 6.743631e-02
4.840000e-01 6.755900e-02
4.850000e-01 6.768136e-02
4.860000e-01 6.780340e-02
4.870000e-01 6.792510e-02
4.880000e-01 6.804648e-02
4.890000e-01 6.816753e-02
4.900000e-01 6.828824e-02
4.910000e-01 6.840862e-02
4.920000e-01 6.852865e-02
4.930000e-01 6.864834e-02
4.940000e-01 6.876768e-02
4.950000e-01 6.888668e-02
4.960000e-01 6.900532e-02
4.970000e-01 6.912361e-02
4.980000e-01 6.924154e-02
4.990000e-01 6.935911e-02
5.000000e-01 6.947632e-02
5.010000e-01 6.959316e-02
5.020000e-01 6.970963e-02
5.030000e-01 6.982574e-02
5.040000e-01 6.994146e-02
5.050000e-01 7.005682e-02
5.060000e-01 7.017179e-02
5.070000e-01 7.028638e-02
5.080000e-01 7.040058e-02
5.090000e-01 7.051440e-02
5.100000e-01 7.062782e-02
5.110000e-01 7.074085e-02
5.120000e-01 7.085348e-02
5.130000e-01 7.096572e-02
5.140000e-01 7.107755e-02
5.150000e-01 7.118897e-02
5.160000e-01 7.129999e-02
5.170000e-01 7.141059e-02
5.180000e-01 7.152078e-02
5.190000e-01 7.163055e-02
5.200000e-01 7.173990e-02
5.210000e-01 7.184883e-02
5.220000e-01 7.195733e-02
5.230000e-01 7.206540e-02
5.240000e-01 7.217303e-02
5.250000e-01 7.228024e-02
5.260000e-01 7.238700e-02
5.270000e-01 7.249332e-02
5.280000e-01 7.259920e-02
5.290000e-01 7.270463e-02
5.300000e-01 7.280961e-02
5.310000e-01 7.291413e-02
5.320000e-01 7.301820e-02
5.330000e-01 7.312181e-02
5.340000e-01 7.322495e-02
5.350000e-01 7.332763e-02
5.360000e-01 7.342984e-02
5.370000e-01 7.353157e-02
5.380000e-01 7.363283e-02
5.390000e-01 7.373361e-02
5.400000e-01 7.383391e-02
5.410000e-01 7.393372e-02
5.420000e-01 7.403305e-02
5.430000e-01 7.413188e-02
5.440000e-01 7.423022e-02
5.450000e-01 7.432806e-02
5.460000e-01 7.442540e-02
5.470000e-01 7.452223e-02
5.480000e-01 7.461856e-02
5.490000e-01 7.471437e-02
5.500000e-01 7.480967e-02
5.510000e-01 7.490446e-02
5.520000e-01 7.499872e-02
5.530000e-01 7.509246e-02
5.540000e-01 7.518567e-02
5.550000e-01 7.527835e-02
5.560000e-01 7.537050e-02
5.570000e-01 7.546211e-02
5.580000e-01 7.555318e-02
5.590000e-01 7.564371e-02
5.600000e-01 7.573369e-02
5.610000e-01 7.582311e-02
5.620000e-01 7.591199e-02
5.630000e-01 7.600030e-02
5.640000e-01 7.608806e-02
5.650000e-01 7.617525e-02
5.660000e-01 7.626188e-02
5.670000e-01 7.634793e-02
5.680000e-01 7.643341e-02
5.690000e-01 7.651831e-02
5.700000e-01 7.660263e-02
5.710000e-01 7.668637e-02
5.720000e-01 7.676951e-02
5.730000e-01 7.685207e-02
5.740000e-01 7.693403e-02
5.750000e-01 7.701539e-02
5.760000e-01 7.709616e-02
5.770000e-01 7.717631e-02
5.780000e-01 7.725586e-02
5.790000e-01 7.733479e-02
5.800000e-01 7.741311e-02
5.810000e-01 7.749081e-02
5.820000e-01 7.756788e-02
5.830000e-01 7.764433e-02
5.840000e-01 7.772015e-02
5.850000e-01 7.779533e-02
5.860000e-01 7.786988e-02
5.870000e-01 7.794379e-02
5.880000e-01 7.801705e-02
5.890000e-01 7.808966e-02
5.900000e-01 7.816163e-02
5.910000e-01 7.823293e-02
5.920000e-01 7.830358e-02
5.930000e-01 7.837357e-02
5.940000e-01 7.844288e-02
5.950000e-01 7.851153e-02
5.960000e-01 7.857951e-02
5.970000e-01 7.864681e-02
5.980000e-01 7.871342e-02
5.990000e-01 7.877936e-02
6.000000e-01 7.884460e-02
6.010000e-01 7.890915e-02
6.020000e-01 7.897301e-02
6.030000e-01 7.903616e-02
6.040000e-01 7.909861e-02
6.050000e-01 7.916036e-02
6.060000e-01 7.922139e-02
6.070000e-01 7.928172e-02
6.080000e-01 7.934132e-02
6.090000e-01 7.940020e-02
6.100000e-01 7.945835e-02
6.110000e-01 7.951577e-02
6.120000e-01 7.957246e-02
6.130000e-01 7.962842e-02
6.140000e-01 7.968363e-02
6.150000e-01 7.973809e-02
6.160000e-01 7.979181e-02
6.170000e-01 7.984478e-02
6.180000e-01 7.989698e-02
6.190000e-01 7.994843e-02
6.200000e-01 7.999911e-02
6.210000e-01 8.004903e-02
6.220000e-01 8.009817e-02
6.230000e-01 8.014653e-02
6.240000e-01 8.019412e-02
6.250000e-01 8.024092e-02
6.260000e-01 8.028693e-02
6.270000e-01 8.033216e-02
6.280000e-01 8.037658e-02
6.290000e-01 8.042021e-02
6.300000e-01 8.046303e-02
6.310000e-01 8.050504e-02
6.320000e-01 8.054624e-02
6.330000e-01 8.058663e-02
6.340000e-01 8.062620e-02
6.350000e-01 8.066494e-02
6.360000e-01 8.070285e-02
6.370000e-01 8.073994e-02
6.380000e-01 8.077618e-02
6.390000e-01 8.081159e-02
6.400000e-01 8.084615e-02
6.410000e-01 8.087986e-02
6.420000e-01 8.091272e-02
6.430000e-01 8.094473e-02
6.440000e-01 8.097587e-02
6.450000e-01 8.100615e-02
6.460000e-01 8.103556e-02
6.470000e-01 8.106410e-02
6.480000e-01 8.109176e-02
6.490000e-01 8.111854e-02
6.500000e-01 8.114443e-02
6.510000e-01 8.116944e-02
6.520000e-01 8.119355e-02
6.530000e-01 8.121676e-02
6.540000e-01 8.123907e-02
6.550000e-01 8.126047e-02
6.560000e-01 8.128096e-02
6.570000e-01 8.130054e-02
6.580000e-01 8.131920e-02
6.590000e-01 8.133694e-02
6.600000e-01 8.135374e-02
6.610000e-01 8.136962e-02
6.620000e-01 8.138456e-02
6.630000e-01 8.139856e-02
6.640000e-01 8.141162e-02
6.650000e-01 8.142372e-02
6.660000e-01 8.143487e-02
6.670000e-01 8.144507e-02
6.680000e-01 8.145430e-02
6.690000e-01 8.146257e-02
6.700000e-01 8.146986e-02
6.710000e-01 8.147619e-02
6.720000e-01 8.148153e-02
6.730000e-01 8.148588e-02
6.740000e-01 8.148925e-02
6.750000e-01 8.149163e-02
6.760000e-01 8.149301e-02
6.770000e-01 8.149339e-02
6.780000e-01 8.149276e-02
6.790000e-01 8.149113e-02
6.800000e-01 8.148848e-02
6.810000e-01 8.148481e-02
6.820000e-01 8.148011e-02
6.830000e-01 8.147439e-02
6.840000e-01 8.146763e-02
6.850000e-01 8.145984e-02
6.860000e-01 8.145101e-02
6.870000e-01 8.144113e-02
6.880000e-01 8.143020e-02
6.890000e-01 8.141822e-02
6.900000e-01 8.140517e-02
6.910000e-01 8.139107e-02
6.920000e-01 8.137589e-02
6.930000e-01 8.135964e-02
6.940000e-01 8.134231e-02
6.950000e-01 8.132390e-02
6.960000e-01 8.130441e-02
6.970000e-01 8.128382e-02
6.980000e-01 8.126213e-02
6.990000e-01 8.123935e-02
7.000000e-01 8.121546e-02
7.010000e-01 8.119046e-02
7.020000e-01 8.116435e-02
7.030000e-01 8.113711e-02
7.040000e-01 8.110875e-02
7.050000e-01 8.107927e-02
7.060000e-01 8.104865e-02
7.070000e-01 8.101689e-02
7.080000e-01 8.098399e-02
7.090000e-01 8.094994e-02
7.100000e-01 8.091475e-02
7.110000e-01 8.087839e-02
7.120000e-01 8.084087e-02
7.130000e-01 8.080219e-02
7.140000e-01 8.076233e-02
7.150000e-01 8.072130e-02
7.160000e-01 8.067909e-02
7.170000e-01 8.063570e-02
7.180000e-01 8.059111e-02
7.190000e-01 8.054533e-02
7.200000e-01 8.049835e-02
7.210000e-01 8.045017e-02
7.220000e-01 8.040077e-02
7.230000e-01 8.035016e-02
7.240000e-01 8.029834e-02
7.250000e-01 8.024529e-02
7.260000e-01 8.019101e-02
7.270000e-01 8.013549e-02
7.280000e-01 8.007874e-02
7.290000e-01 8.002075e-02
7.300000e-01 7.996151e-02
7.310000e-01 7.990101e-02
7.320000e-01 7.983926e-02
7.330000e-01 7.977624e-02
7.340000e-01 7.971195e-02
7.350000e-01 7.964640e-02
7.360000e-01 7.957956e-02
7.370000e-01 7.951144e-02
7.380000e-01 7.944204e-02
7.390000e-01 7.937134e-02
7.400000e-01 7.929935e-02
7.410000e-01 7.922605e-02
7.420000e-01 7.915144e-02
7.430000e-01 7.907552e-02
7.440000e-01 7.899829e-02
7.450000e-01 7.891973e-02
7.460000e-01 7.883984e-02
7.470000e-01 7.875862e-02
7.480000e-01 7.867607e-02
7.490000e-01 7.859217e-02
7.500000e-01 7.850692e-02
7.510000e-01 7.842032e-02
7.520000e-01 7.833236e-02
7.530000e-01 7.824303e-02
7.540000e-01 7.815234e-02
7.550000e-01 7.806028e-02
7.560000e-01 7.796684e-02
7.570000e-01 7.787201e-02
7.580000e-01 7.777579e-02
7.590000e-01 7.767819e-02
7.600000e-01 7.757918e-02
7.610000e-01 7.747876e-02
7.620000e-01 7.737694e-02
7.630000e-01 7.727370e-02
7.640000e-01 7.716904e-02
7.650000e-01 7.706296e-02
7.660000e-01 7.695545e-02
7.670000e-01 7.684650e-02
7.680000e-01 7.673611e-02
7.690000e-01 7.662427e-02
7.700000e-01 7.651099e-02
7.710000e-01 7.639624e-02
7.720000e-01 7.628003e-02
7.730000e-01 7.616236e-02
7.740000e-01 7.604322e-02
7.750000e-01 7.592259e-02
7.760000e-01 7.580048e-02
7.770000e-01 7.567689e-02
7.780000e-01 7.555180e-02
7.790000e-01 7.542521e-02
7.800000e-01 7.529712e-02
7.810000e-01 7.516751e-02
7.820000e-01 7.503640e-02
7.830000e-01 7.490376e-02
7.840000e-01 7.476959e-02
7.850000e-01 7.463390e-02
7.860000e-01 7.449666e-02
7.870000e-01 7.435789e-02
7.880000e-01 7.421756e-02
7.890000e-01 7.407569e-02
7.900000e-01 7.393225e-02
7.910000e-01 7.378725e-02
7.920000e-01 7.364069e-02
7.930000e-01 7.349254e-02
7.940000e-01 7.334282e-02
7.950000e-01 7.319151e-02
7.960000e-01 7.303861e-02
7.970000e-01 7.288411e-02
7.980000e-01 7.272801e-02
7.990000e-01 7.257030e-02
8.000000e-01 7.241098e-02
8.010000e-01 7.225004e-02
8.020000e-01 7.208748e-02
8.030000e-01 7.192328e-02
8.040000e-01 7.175745e-02
8.050000e-01 7.158998e-02
8.060000e-01 7.142086e-02
8.070000e-01 7.125009e-02
8.080000e-01 7.107766e-02
8.090000e-01 7.090357e-02
8.100000e-01 7.072780e-02
8.110000e-01 7.055037e-02
8.120000e-01 7.037125e-02
8.130000e-01 7.019044e-02
8.140000e-01 7.000795e-02
8.150000e-01 6.982375e-02
8.160000e-01 6.963786e-02
8.170000e-01 6.945025e-02
8.180000e-01 6.926093e-02
8.190000e-01 6.906989e-02
8.200000e-01 6.887712e-02
8.210000e-01 6.868263e-02
8.220000e-01 6.848639e-02
8.230000e-01 6.828841e-02
8.240000e-01 6.808868e-02
8.250000e-01 6.788720e-02
8.260000e-01 6.768395e-02
8.270000e-01 6.747894e-02
8.280000e-01 6.727216e-02
8.290000e-01 6.706360e-02
8.300000e-01 6.685326e-02
8.310000e-01 6.664113e-02
8.320000e-01 6.642720e-02
8.330000e-01 6.621147e-02
8.340000e-01 6.599393e-02
8.350000e-01 6.577458e-02
8.360000e-01 6.555341e-02
8.370000e-01 6.533042e-02
8.380000e-01 6.510560e-02
8.390000e-01 6.487894e-02
8.400000e-01 6.465043e-02
8.410000e-01 6.442008e-02
8.420000e-01 6.418788e-02
8.430000e-01 6.395381e-02
8.440000e-01 6.371788e-02
8.450000e-01 6.348008e-02
8.460000e-01 6.324040e-02
8.470000e-01 6.299884e-02
8.480000e-01 6.275538e-02
8.490000e-01 6.251003e-02
8.500000e-01 6.226278e-02
8.510000e-01 6.201362e-02
8.520000e-01 6.176255e-02
8.530000e-01 6.150955e-02
8.540000e-01 6.125464e-02
8.550000e-01 6.099778e-02
8.560000e-01 6.073900e-02
8.570000e-01 6.047826e-02
8.580000e-01 6.021558e-02
8.590000e-01 5.995094e-02
8.600000e-01 5.968434e-02
8.610000e-01 5.941577e-02
8.620000e-01 5.914523e-02
8.630000e-01 5.887271e-02
8.640000e-01 5.859819e-02
8.650000e-01 5.832169e-02
8.660000e-01 5.804319e-02
8.670000e-01 5.776268e-02
8.680000e-01 5.748016e-02
8.690000e-01 5.719563e-02
8.700000e-01 5.690907e-02
8.710000e-01 5.662048e-02
8.720000e-01 5.632986e-02
8.730000e-01 5.603719e-02
8.740000e-01 5.574247e-02
8.750000e-01 5.544570e-02
8.760000e-01 5.514687e-02
8.770000e-01 5.484598e-02
8.780000e-01 5.454301e-02
8.790000e-01 5.423796e-02
8.800000e-01 5.393082e-02
8.810000e-01 5.362159e-02
8.820000e-01 5.331027e-02
8.830000e-01 5.299684e-02
8.840000e-01 5.268130e-02
8.850000e-01 5.236364e-02
8.860000e-01 5.204386e-02
8.870000e-01 5.172194e-02
8.880000e-01 5.139790e-02
8.890000e-01 5.107170e-02
8.900000e-01 5.074337e-02
8.910000e-01 5.041287e-02
8.920000e-01 5.008021e-02
8.930000e-01 4.974539e-02
8.940000e-01 4.940839e-02
8.950000e-01 4.906921e-02
8.960000e-01 4.872785e-02
8.970000e-01 4.838429e-02
8.980000e-01 4.803853e-02
8.990000e-01 4.769056e-02
9.000000e-01 4.734038e-02
9.010000e-01 4.698798e-02
9.020000e-01 4.663336e-02
9.030000e-01 4.627650e-02
9.040000e-01 4.591740e-02
9.050000e-01 4.555606e-02
9.060000e-01 4.519247e-02
9.070000e-01 4.482662e-02
9.080000e-01 4.445850e-02
9.090000e-01 4.408812e-02
9.100000e-01 4.371545e-02
9.110000e-01 4.334050e-02
9.120000e-01 4.296326e-02
9.130000e-01 4.258372e-02
9.140000e-01 4.220188e-02
9.150000e-01 4.181773e-02
9.160000e-01 4.143126e-02
9.170000e-01 4.104246e-02
9.180000e-01 4.065134e-02
9.190000e-01 4.025788e-02
9.200000e-01 3.986207e-02
9.210000e-01 3.946391e-02
9.220000e-01 3.906340e-02
9.230000e-01 3.866052e-02
9.240000e-01 3.825528e-02
9.250000e-01 3.784765e-02
9.260000e-01 3.743764e-02
9.270000e-01 3.702525e-02
9.280000e-01 3.661045e-02
9.290000e-01 3.619325e-02
9.300000e-01 3.577364e-02
9.310000e-01 3.535161e-02
9.320000e-01 3.492716e-02
9.330000e-01 3.450028e-02
9.340000e-01 3.407096e-02
9.350000e-01 3.363920e-02
9.360000e-01 3.320498e-02
9.370000e-01 3.276831e-02
9.380000e-01 3.232917e-02
9.390000e-01 3.188757e-02
9.400000e-01 3.144348e-02
9.410000e-01 3.099691e-02
9.420000e-01 3.054784e-02
9.430000e-01 3.009628e-02
9.440000e-01 2.964221e-02
9.450000e-01 2.918563e-02
9.460000e-01 2.872653e-02
9.470000e-01 2.826490e-02
9.480000e-01 2.780075e-02
9.490000e-01 2.733405e-02
9.500000e-01 2.686480e-02
9.510000e-01 2.639300e-02
9.520000e-01 2.591864e-02
9.530000e-01 2.544171e-02
9.540000e-01 2.496221e-02
9.550000e-01 2.448012e-02
9.560000e-01 2.399545e-02
9.570000e-01 2.350818e-02
9.580000e-01 2.301831e-02
9.590000e-01 2.252583e-02
9.600000e-01 2.203073e-02
9.610000e-01 2.153301e-02
9.620000e-01 2.103266e-02
9.630000e-01 2.052968e-02
9.640000e-01 2.002404e-02
9.650000e-01 1.951576e-02
9.660000e-01 1.900482e-02
9.670000e-01 1.849121e-02
9.680000e-01 1.797493e-02
9.690000e-01 1.745597e-02
9.700000e-01 1.693432e-02
9.710000e-01 1.640998e-02
9.720000e-01 1.588294e-02
9.730000e-01 1.535319e-02
9.740000e-01 1.482072e-02
9.750000e-01 1.428553e-02
9.760000e-01 1.374762e-02
9.770000e-01 1.320696e-02
9.780000e-01 1.266356e-02
9.790000e-01 1.211741e-02
9.800000e-01 1.156851e-02
9.810000e-01 1.101683e-02
9.820000e-01 1.046239e-02
9.830000e-01 9.905162e-03
9.840000e-01 9.345150e-03
9.850000e-01 8.782344e-03
9.860000e-01 8.216736e-03
9.870000e-01 7.648319e-03
9.880000e-01 7.077086e-03
9.890000e-01 6.503031e-03
9.900000e-01 5.926144e-03
9.910000e-01 5.346420e-03
9.920000e-01 4.763851e-03
9.930000e-01 4.178430e-03
9.940000e-01 3.590149e-03
9.950000e-01 2.999001e-03
9.960000e-01 2.404979e-03
9.970000e-01 1.808075e-03
9.980000e-01 1.208282e-03
9.990000e-01 6.055928e-04
