0.000000e+00 0.000000e+00
1.000000e-03 7.796372e-05
2.000000e-03 1.554738e-04
3.000000e-03 2.325309e-04
4.000000e-03 3.091361e-04
5.000000e-03 3.852902e-04
6.000000e-03 4.609939e-04
7.000000e-03 5.362483e-04
8.000000e-03 6.110540e-04
9.000000e-03 6.854120e-04
1.000000e-02 7.593231e-04
1.100000e-02 8.327882e-04
1.200000e-02 9.058081e-04
1.300000e-02 9.783836e-04
1.400000e-02 1.050516e-03
1.500000e-02 1.122205e-03
1.600000e-02 1.193453e-03
1.700000e-02 1.264259e-03
1.800000e-02 1.334626e-03
1.900000e-02 1.404554e-03
2.000000e-02 1.474043e-03
2.100000e-02 1.543094e-03
2.200000e-02 1.611709e-03
2.300000e-02 1.679888e-03
2.400000e-02 1.747632e-03
2.500000e-02 1.814942e-03
2.600000e-02 1.881819e-03
2.700000e-02 1.948263e-03
2.800000e-02 2.014275e-03
2.900000e-02 2.079857e-03
3.000000e-02 2.145010e-03
3.100000e-02 2.209733e-03
3.200000e-02 2.274027e-03
3.300000e-02 2.337895e-03
3.400000e-02 2.401336e-03
3.500000e-02 2.464352e-03
3.600000e-02 2.526943e-03
3.700000e-02 2.589109e-03
3.800000e-02 2.650853e-03
3.900000e-02 2.712175e-03
4.000000e-02 2.773075e-03
4.100000e-02 2.833555e-03
4.200000e-02 2.893615e-03
4.300000e-02 2.953256e-03
4.400000e-02 3.012480e-03
4.500000e-02 3.071286e-03
4.600000e-02 3.129676e-03
4.700000e-02 3.187651e-03
4.800000e-02 3.245211e-03
4.900000e-02 3.302357e-03
5.000000e-02 3.359091e-03
5.100000e-02 3.415412e-03
5.200000e-02 3.471323e-03
5.300000e-02 3.526823e-03
5.400000e-02 3.581914e-03
5.500000e-02 3.636596e-03
5.600000e-02 3.690870e-03
5.700000e-02 3.744738e-03
5.800000e-02 3.798200e-03
5.900000e-02 3.851256e-03
6.000000e-02 3.903908e-03
6.100000e-02 3.956157e-03
6.200000e-02 4.008003e-03
6.300000e-02 4.059447e-03
6.400000e-02 4.110490e-03
6.500000e-02 4.161134e-03
6.600000e-02 4.211378e-03
6.700000e-02 4.261224e-03
6.800000e-02 4.310672e-03
6.900000e-02 4.359724e-03
7.000000e-02 4.408380e-03
7.100000e-02 4.456641e-03
7.200000e-02 4.504507e-03
7.300000e-02 4.551981e-03
7.400000e-02 4.599062e-03
7.500000e-02 4.645752e-03
7.600000e-02 4.692051e-03
7.700000e-02 4.737960e-03
7.800000e-02 4.783481e-03
7.900000e-02 4.828613e-03
8.000000e-02 4.873358e-03
8.100000e-02 4.917716e-03
8.200000e-02 4.961689e-03
8.300000e-02 5.005278e-03
8.400000e-02 5.048482e-03
8.500000e-02 5.091304e-03
8.600000e-02 5.133743e-03
8.700000e-02 5.175801e-03
8.800000e-02 5.217479e-03
8.900000e-02 5.258777e-03
9.000000e-02 5.299696e-03
9.100000e-02 5.340238e-03
9.200000e-02 5.380402e-03
9.300000e-02 5.420191e-03
9.400000e-02 5.459604e-03
9.500000e-02 5.498642e-03
9.600000e-02 5.537307e-03
9.700000e-02 5.575600e-03
9.800000e-02 5.613520e-03
9.900000e-02 5.651070e-03
1.000000e-01 5.688249e-03
1.010000e-01 5.725059e-03
1.020000e-01 5.761500e-03
1.030000e-01 5.797574e-03
1.040000e-01 5.833281e-03
1.050000e-01 5.868623e-03
1.060000e-01 5.903599e-03
1.070000e-01 5.938211e-03
1.080000e-01 5.972459e-03
1.090000e-01 6.006346e-03
1.100000e-01 6.039870e-03
1.110000e-01 6.073034e-03
1.120000e-01 6.105838e-03
1.130000e-01 6.138283e-03
1.140000e-01 6.170370e-03
1.150000e-01 6.202099e-03
1.160000e-01 6.233472e-03
1.170000e-01 6.264490e-03
1.180000e-01 6.295152e-03
1.190000e-01 6.325461e-03
1.200000e-01 6.355416e-03
1.210000e-01 6.385020e-03
1.220000e-01 6.414272e-03
1.230000e-01 6.443173e-03
1.240000e-01 6.471725e-03
1.250000e-01 6.499929e-03
1.260000e-01 6.527784e-03
1.270000e-01 6.555292e-03
1.280000e-01 6.582454e-03
1.290000e-01 6.609271e-03
1.300000e-01 6.635743e-03
1.310000e-01 6.661872e-03
1.320000e-01 6.687658e-03
1.330000e-01 6.713102e-03
1.340000e-01 6.738205e-03
1.350000e-01 6.762968e-03
1.360000e-01 6.787391e-03
1.370000e-01 6.811476e-03
1.380000e-01 6.835224e-03
1.390000e-01 6.858634e-03
1.400000e-01 6.881709e-03
1.410000e-01 6.904449e-03
1.420000e-01 6.926854e-03
1.430000e-01 6.948927e-03
1.440000e-01 6.970667e-03
1.450000e-01 6.992075e-03
1.460000e-01 7.013152e-03
1.470000e-01 7.033900e-03
1.480000e-01 7.054319e-03
1.490000e-01 7.074409e-03
1.500000e-01 7.094172e-03
1.510000e-01 7.113609e-03
1.520000e-01 7.132720e-03
1.530000e-01 7.151507e-03
1.540000e-01 7.169969e-03
1.550000e-01 7.188109e-03
1.560000e-01 7.205926e-03
1.570000e-01 7.223423e-03
1.580000e-01 7.240599e-03
1.590000e-01 7.257455e-03
1.600000e-01 7.273993e-03
1.610000e-01 7.290212e-03
1.620000e-01 7.306115e-03
1.630000e-01 7.321702e-03
1.640000e-01 7.336974e-03
1.650000e-01 7.351931e-03
1.660000e-01 7.366574e-03
1.670000e-01 7.380905e-03
1.680000e-01 7.394925e-03
1.690000e-01 7.408633e-03
1.700000e-01 7.422031e-03
1.710000e-01 7.435120e-03
1.720000e-01 7.447901e-03
1.730000e-01 7.460374e-03
1.740000e-01 7.472541e-03
1.750000e-01 7.484402e-03
1.760000e-01 7.495958e-03
1.770000e-01 7.507210e-03
1.780000e-01 7.518159e-03
1.790000e-01 7.528806e-03
1.800000e-01 7.539151e-03
1.810000e-01 7.549196e-03
1.820000e-01 7.558941e-03
1.830000e-01 7.568387e-03
1.840000e-01 7.577535e-03
1.850000e-01 7.586386e-03
1.860000e-01 7.594941e-03
1.870000e-01 7.603201e-03
1.880000e-01 7.611166e-03
1.890000e-01 7.618837e-03
1.900000e-01 7.626216e-03
1.910000e-01 7.633302e-03
1.920000e-01 7.640098e-03
1.930000e-01 7.646604e-03
1.940000e-01 7.652820e-03
1.950000e-01 7.658748e-03
1.960000e-01 7.664388e-03
1.970000e-01 7.669742e-03
1.980000e-01 7.674809e-03
1.990000e-01 7.679592e-03
2.000000e-01 7.684091e-03
2.010000e-01 7.688306e-03
2.020000e-01 7.692239e-03
2.030000e-01 7.695891e-03
2.040000e-01 7.699262e-03
2.050000e-01 7.702353e-03
2.060000e-01 7.705166e-03
2.070000e-01 7.707700e-03
2.080000e-01 7.709957e-03
2.090000e-01 7.711938e-03
2.100000e-01 7.713644e-03
2.110000e-01 7.715075e-03
2.120000e-01 7.716232e-03
2.130000e-01 7.717116e-03
2.140000e-01 7.717729e-03
2.150000e-01 7.718071e-03
2.160000e-01 7.718142e-03
2.170000e-01 7.717944e-03
2.180000e-01 7.717478e-03
2.190000e-01 7.716744e-03
2.200000e-01 7.715743e-03
2.210000e-01 7.714476e-03
2.220000e-01 7.712945e-03
2.230000e-01 7.711149e-03
2.240000e-01 7.709091e-03
2.250000e-01 7.706770e-03
2.260000e-01 7.704187e-03
2.270000e-01 7.701344e-03
2.280000e-01 7.698241e-03
2.290000e-01 7.694879e-03
2.300000e-01 7.691259e-03
2.310000e-01 7.687383e-03
2.320000e-01 7.683250e-03
2.330000e-01 7.678861e-03
2.340000e-01 7.674218e-03
2.350000e-01 7.669322e-03
2.360000e-01 7.664172e-03
2.370000e-01 7.658771e-03
2.380000e-01 7.653119e-03
2.390000e-01 7.647217e-03
2.400000e-01 7.641066e-03
2.410000e-01 7.634666e-03
2.420000e-01 7.628019e-03
2.430000e-01 7.621125e-03
2.440000e-01 7.613985e-03
2.450000e-01 7.606601e-03
2.460000e-01 7.598972e-03
2.470000e-01 7.591101e-03
2.480000e-01 7.582987e-03
2.490000e-01 7.574632e-03
2.500000e-01 7.566036e-03
2.510000e-01 7.557201e-03
2.520000e-01 7.548127e-03
2.530000e-01 7.538815e-03
2.540000e-01 7.529267e-03
2.550000e-01 7.519482e-03
2.560000e-01 7.509462e-03
2.570000e-01 7.499208e-03
2.580000e-01 7.488720e-03
2.590000e-01 7.478000e-03
2.600000e-01 7.467048e-03
2.610000e-01 7.455865e-03
2.620000e-01 7.444452e-03
2.630000e-01 7.432810e-03
2.640000e-01 7.420940e-03
2.650000e-01 7.408843e-03
2.660000e-01 7.396519e-03
2.670000e-01 7.383970e-03
2.680000e-01 7.371197e-03
2.690000e-01 7.358199e-03
2.700000e-01 7.344979e-03
2.710000e-01 7.331536e-03
2.720000e-01 7.317873e-03
2.730000e-01 7.303989e-03
2.740000e-01 7.289886e-03
2.750000e-01 7.275564e-03
2.760000e-01 7.261025e-03
2.770000e-01 7.246269e-03
2.780000e-01 7.231297e-03
2.790000e-01 7.216111e-03
2.800000e-01 7.200710e-03
2.810000e-01 7.185096e-03
2.820000e-01 7.169270e-03
2.830000e-01 7.153233e-03
2.840000e-01 7.136985e-03
2.850000e-01 7.120527e-03
2.860000e-01 7.103861e-03
2.870000e-01 7.086987e-03
2.880000e-01 7.069905e-03
2.890000e-01 7.052618e-03
2.900000e-01 7.035126e-03
2.910000e-01 7.017429e-03
2.920000e-01 6.999529e-03
2.930000e-01 6.981426e-03
2.940000e-01 6.963122e-03
2.950000e-01 6.944617e-03
2.960000e-01 6.925912e-03
2.970000e-01 6.907008e-03
2.980000e-01 6.887906e-03
2.990000e-01 6.868606e-03
3.000000e-01 6.849111e-03
3.010000e-01 6.829420e-03
3.020000e-01 6.809534e-03
3.030000e-01 6.789455e-03
3.040000e-01 6.769183e-03
3.050000e-01 6.748719e-03
3.060000e-01 6.728065e-03
3.070000e-01 6.707220e-03
3.080000e-01 6.686186e-03
3.090000e-01 6.664964e-03
3.100000e-01 6.643554e-03
3.110000e-01 6.621958e-03
3.120000e-01 6.600176e-03
3.130000e-01 6.578209e-03
3.140000e-01 6.556059e-03
3.150000e-01 6.533725e-03
3.160000e-01 6.511210e-03
3.170000e-01 6.488513e-03
3.180000e-01 6.465636e-03
3.190000e-01 6.442580e-03
3.200000e-01 6.419346e-03
3.210000e-01 6.395933e-03
3.220000e-01 6.372344e-03
3.230000e-01 6.348580e-03
3.240000e-01 6.324640e-03
3.250000e-01 6.300526e-03
3.260000e-01 6.276239e-03
3.270000e-01 6.251781e-03
3.280000e-01 6.227150e-03
3.290000e-01 6.202350e-03
3.300000e-01 6.177379e-03
3.310000e-01 6.152241e-03
3.320000e-01 6.126934e-03
3.330000e-01 6.101461e-03
3.340000e-01 6.075821e-03
3.350000e-01 6.050017e-03
3.360000e-01 6.024049e-03
3.370000e-01 5.997917e-03
3.380000e-01 5.971623e-03
3.390000e-01 5.945168e-03
3.400000e-01 5.918552e-03
3.410000e-01 5.891776e-03
3.420000e-01 5.864842e-03
3.430000e-01 5.837750e-03
3.440000e-01 5.810501e-03
3.450000e-01 5.783096e-03
3.460000e-01 5.755535e-03
3.470000e-01 5.727821e-03
3.480000e-01 5.699953e-03
3.490000e-01 5.671933e-03
3.500000e-01 5.643761e-03
3.510000e-01 5.615439e-03
3.520000e-01 5.586967e-03
3.530000e-01 5.558347e-03
3.540000e-01 5.529578e-03
3.550000e-01 5.500662e-03
3.560000e-01 5.471601e-03
3.570000e-01 5.442394e-03
3.580000e-01 5.413042e-03
3.590000e-01 5.383548e-03
3.600000e-01 5.353911e-03
3.610000e-01 5.324132e-03
3.620000e-01 5.294213e-03
3.630000e-01 5.264154e-03
3.640000e-01 5.233956e-03
3.650000e-01 5.203621e-03
3.660000e-01 5.173148e-03
3.670000e-01 5.142539e-03
3.680000e-01 5.111795e-03
3.690000e-01 5.080917e-03
3.700000e-01 5.049905e-03
3.710000e-01 5.018761e-03
3.720000e-01 4.987485e-03
3.730000e-01 4.956079e-03
3.740000e-01 4.924543e-03
3.750000e-01 4.892878e-03
3.760000e-01 4.861085e-03
3.770000e-01 4.829165e-03
3.780000e-01 4.797119e-03
3.790000e-01 4.764948e-03
3.800000e-01 4.732652e-03
3.810000e-01 4.700233e-03
3.820000e-01 4.667692e-03
3.830000e-01 4.635029e-03
3.840000e-01 4.602246e-03
3.850000e-01 4.569343e-03
3.860000e-01 4.536321e-03
3.870000e-01 4.503181e-03
3.880000e-01 4.469925e-03
3.890000e-01 4.436552e-03
3.900000e-01 4.403064e-03
3.910000e-01 4.369462e-03
3.920000e-01 4.335746e-03
3.930000e-01 4.301919e-03
3.940000e-01 4.267979e-03
3.950000e-01 4.233930e-03
3.960000e-01 4.199770e-03
3.970000e-01 4.165502e-03
3.980000e-01 4.131126e-03
3.990000e-01 4.096643e-03
4.000000e-01 4.062055e-03
4.010000e-01 4.027361e-03
4.020000e-01 3.992563e-03
4.030000e-01 3.957662e-03
4.040000e-01 3.922659e-03
4.050000e-01 3.887554e-03
4.060000e-01 3.852349e-03
4.070000e-01 3.817045e-03
4.080000e-01 3.781641e-03
4.090000e-01 3.746141e-03
4.100000e-01 3.710543e-03
4.110000e-01 3.674850e-03
4.120000e-01 3.639061e-03
4.130000e-01 3.603179e-03
4.140000e-01 3.567204e-03
4.150000e-01 3.531137e-03
4.160000e-01 3.494978e-03
4.170000e-01 3.458729e-03
4.180000e-01 3.422391e-03
4.190000e-01 3.385964e-03
4.200000e-01 3.349450e-03
4.210000e-01 3.312850e-03
4.220000e-01 3.276164e-03
4.230000e-01 3.239393e-03
4.240000e-01 3.202538e-03
4.250000e-01 3.165600e-03
4.260000e-01 3.128581e-03
4.270000e-01 3.091480e-03
4.280000e-01 3.054300e-03
4.290000e-01 3.017040e-03
4.300000e-01 2.979702e-03
4.310000e-01 2.942287e-03
4.320000e-01 2.904795e-03
4.330000e-01 2.867229e-03
4.340000e-01 2.829587e-03
4.350000e-01 2.791872e-03
4.360000e-01 2.754085e-03
4.370000e-01 2.716225e-03
4.380000e-01 2.678295e-03
4.390000e-01 2.640296e-03
4.400000e-01 2.602227e-03
4.410000e-01 2.564090e-03
4.420000e-01 2.525887e-03
4.430000e-01 2.487617e-03
4.440000e-01 2.449282e-03
4.450000e-01 2.410883e-03
4.460000e-01 2.372421e-03
4.470000e-01 2.333896e-03
4.480000e-01 2.295310e-03
4.490000e-01 2.256664e-03
4.500000e-01 2.217958e-03
4.510000e-01 2.179193e-03
4.520000e-01 2.140371e-03
4.530000e-01 2.101492e-03
4.540000e-01 2.062558e-03
4.550000e-01 2.023568e-03
4.560000e-01 1.984525e-03
4.570000e-01 1.945429e-03
4.580000e-01 1.906280e-03
4.590000e-01 1.867081e-03
4.600000e-01 1.827832e-03
4.610000e-01 1.788533e-03
4.620000e-01 1.749186e-03
4.630000e-01 1.709792e-03
4.640000e-01 1.670351e-03
4.650000e-01 1.630866e-03
4.660000e-01 1.591335e-03
4.670000e-01 1.551761e-03
4.680000e-01 1.512145e-03
4.690000e-01 1.472487e-03
4.700000e-01 1.432788e-03
4.710000e-01 1.393050e-03
4.720000e-01 1.353273e-03
4.730000e-01 1.313458e-03
4.740000e-01 1.273606e-03
4.750000e-01 1.233718e-03
4.760000e-01 1.193795e-03
4.770000e-01 1.153838e-03
4.780000e-01 1.113848e-03
4.790000e-01 1.073826e-03
4.800000e-01 1.033773e-03
4.810000e-01 9.936891e-04
4.820000e-01 9.535763e-04
4.830000e-01 9.134351e-04
4.840000e-01 8.732666e-04
4.850000e-01 8.330716e-04
4.860000e-01 7.928511e-04
4.870000e-01 7.526061e-04
4.880000e-01 7.123375e-04
4.890000e-01 6.720464e-04
4.900000e-01 6.317335e-04
4.910000e-01 5.914000e-04
4.920000e-01 5.510466e-04
4.930000e-01 5.106745e-04
4.940000e-01 4.702846e-04
4.950000e-01 4.298777e-04
4.960000e-01 3.894550e-04
4.970000e-01 3.490172e-04
4.980000e-01 3.085655e-04
4.990000e-01 2.681007e-04
5.000000e-01 2.276238e-04
5.010000e-01 1.871358e-04
5.020000e-01 1.466376e-04
5.030000e-01 1.061301e-04
5.040000e-01 6.561446e-05
5.050000e-01 2.509148e-05
5.060000e-01 1.543782e-05
5.070000e-01 5.597250e-05
5.080000e-01 9.651159e-05
5.090000e-01 1.370541e-04
5.100000e-01 1.775991e-04
5.110000e-01 2.181457e-04
5.120000e-01 2.586928e-04
5.130000e-01 2.992394e-04
5.140000e-01 3.397847e-04
5.150000e-01 3.803277e-04
5.160000e-01 4.208673e-04
5.170000e-01 4.614027e-04
5.180000e-01 5.019329e-04
5.190000e-01 5.424568e-04
5.200000e-01 5.829735e-04
5.210000e-01 6.234822e-04
5.220000e-01 6.639817e-04
5.230000e-01 7.044711e-04
5.240000e-01 7.449494e-04
5.250000e-01 7.854158e-04
5.260000e-01 8.258691e-04
5.270000e-01 8.663085e-04
5.280000e-01 9.067329e-04
5.290000e-01 9.471415e-04
5.300000e-01 9.875331e-04
5.310000e-01 1.027907e-03
5.320000e-01 1.068262e-03
5.330000e-01 1.108597e-03
5.340000e-01 1.148912e-03
5.350000e-01 1.189204e-03
5.360000e-01 1.229474e-03
5.370000e-01 1.269720e-03
5.380000e-01 1.309942e-03
5.390000e-01 1.350138e-03
5.400000e-01 1.390307e-03
5.410000e-01 1.430449e-03
5.420000e-01 1.470562e-03
5.430000e-01 1.510645e-03
5.440000e-01 1.550698e-03
5.450000e-01 1.590720e-03
5.460000e-01 1.630709e-03
5.470000e-01 1.670664e-03
5.480000e-01 1.710585e-03
5.490000e-01 1.750470e-03
5.500000e-01 1.790320e-03
5.510000e-01 1.830131e-03
5.520000e-01 1.869904e-03
5.530000e-01 1.909638e-03
5.540000e-01 1.949332e-03
5.550000e-01 1.988984e-03
5.560000e-01 2.028594e-03
5.570000e-01 2.068160e-03
5.580000e-01 2.107683e-03
5.590000e-01 2.147160e-03
5.600000e-01 2.186590e-03
5.610000e-01 2.225974e-03
5.620000e-01 2.265309e-03
5.630000e-01 2.304595e-03
5.640000e-01 2.343830e-03
5.650000e-01 2.383015e-03
5.660000e-01 2.422147e-03
5.670000e-01 2.461226e-03
5.680000e-01 2.500251e-03
5.690000e-01 2.539220e-03
5.700000e-01 2.578134e-03
5.710000e-01 2.616990e-03
5.720000e-01 2.655788e-03
5.730000e-01 2.694527e-03
5.740000e-01 2.733206e-03
5.750000e-01 2.771823e-03
5.760000e-01 2.810379e-03
5.770000e-01 2.848871e-03
5.780000e-01 2.887299e-03
5.790000e-01 2.925662e-03
5.800000e-01 2.963959e-03
5.810000e-01 3.002189e-03
5.820000e-01 3.040351e-03
5.830000e-01 3.078444e-03
5.840000e-01 3.116466e-03
5.850000e-01 3.154417e-03
5.860000e-01 3.192297e-03
5.870000e-01 3.230103e-03
5.880000e-01 3.267835e-03
5.890000e-01 3.305491e-03
5.900000e-01 3.343072e-03
5.910000e-01 3.380576e-03
5.920000e-01 3.418001e-03
5.930000e-01 3.455347e-03
5.940000e-01 3.492614e-03
5.950000e-01 3.529799e-03
5.960000e-01 3.566901e-03
5.970000e-01 3.603921e-03
5.980000e-01 3.640857e-03
5.990000e-01 3.677707e-03
6.000000e-01 3.714471e-03
6.010000e-01 3.751148e-03
6.020000e-01 3.787737e-03
6.030000e-01 3.824236e-03
6.040000e-01 3.860645e-03
6.050000e-01 3.896964e-03
6.060000e-01 3.933189e-03
6.070000e-01 3.969322e-03
6.080000e-01 4.005360e-03
6.090000e-01 4.041303e-03
6.100000e-01 4.077150e-03
6.110000e-01 4.112899e-03
6.120000e-01 4.148550e-03
6.130000e-01 4.184102e-03
6.140000e-01 4.219554e-03
6.150000e-01 4.254904e-03
6.160000e-01 4.290151e-03
6.170000e-01 4.325295e-03
6.180000e-01 4.360335e-03
6.190000e-01 4.395270e-03
6.200000e-01 4.430097e-03
6.210000e-01 4.464818e-03
6.220000e-01 4.499430e-03
6.230000e-01 4.533932e-03
6.240000e-01 4.568324e-03
6.250000e-01 4.602604e-03
6.260000e-01 4.636772e-03
6.270000e-01 4.670826e-03
6.280000e-01 4.704766e-03
6.290000e-01 4.738590e-03
6.300000e-01 4.772297e-03
6.310000e-01 4.805886e-03
6.320000e-01 4.839357e-03
6.330000e-01 4.872708e-03
6.340000e-01 4.905938e-03
6.350000e-01 4.939046e-03
6.360000e-01 4.972032e-03
6.370000e-01 5.004893e-03
6.380000e-01 5.037630e-03
6.390000e-01 5.070241e-03
6.400000e-01 5.102725e-03
6.410000e-01 5.135081e-03
6.420000e-01 5.167308e-03
6.430000e-01 5.199404e-03
6.440000e-01 5.231370e-03
6.450000e-01 5.263204e-03
6.460000e-01 5.294904e-03
6.470000e-01 5.326470e-03
6.480000e-01 5.357901e-03
6.490000e-01 5.389196e-03
6.500000e-01 5.420354e-03
6.510000e-01 5.451373e-03
6.520000e-01 5.482253e-03
6.530000e-01 5.512992e-03
6.540000e-01 5.543590e-03
6.550000e-01 5.574046e-03
6.560000e-01 5.604357e-03
6.570000e-01 5.634525e-03
6.580000e-01 5.664547e-03
6.590000e-01 5.694422e-03
6.600000e-01 5.724149e-03
6.610000e-01 5.753728e-03
6.620000e-01 5.783157e-03
6.630000e-01 5.812435e-03
6.640000e-01 5.841561e-03
6.650000e-01 5.870535e-03
6.660000e-01 5.899354e-03
6.670000e-01 5.928018e-03
6.680000e-01 5.956527e-03
6.690000e-01 5.984878e-03
6.700000e-01 6.013071e-03
6.710000e-01 6.041105e-03
6.720000e-01 6.068979e-03
6.730000e-01 6.096691e-03
6.740000e-01 6.124241e-03
6.750000e-01 6.151628e-03
6.760000e-01 6.178850e-03
6.770000e-01 6.205907e-03
6.780000e-01 6.232797e-03
6.790000e-01 6.259519e-03
6.800000e-01 6.286073e-03
6.810000e-01 6.312458e-03
6.820000e-01 6.338671e-03
6.830000e-01 6.364713e-03
6.840000e-01 6.390581e-03
6.850000e-01 6.416276e-03
6.860000e-01 6.441796e-03
6.870000e-01 6.467139e-03
6.880000e-01 6.492306e-03
6.890000e-01 6.517294e-03
6.900000e-01 6.542104e-03
6.910000e-01 6.566733e-03
6.920000e-01 6.591180e-03
6.930000e-01 6.615445e-03
6.940000e-01 6.639527e-03
6.950000e-01 6.663424e-03
6.960000e-01 6.687135e-03
6.970000e-01 6.710660e-03
6.980000e-01 6.733997e-03
6.990000e-01 6.757145e-03
7.000000e-01 6.780104e-03
7.010000e-01 6.802871e-03
7.020000e-01 6.825446e-03
7.030000e-01 6.847829e-03
7.040000e-01 6.870017e-03
7.050000e-01 6.892010e-03
7.060000e-01 6.913806e-03
7.070000e-01 6.935405e-03
7.080000e-01 6.956806e-03
7.090000e-01 6.978008e-03
7.100000e-01 6.999008e-03
7.110000e-01 7.019807e-03
7.120000e-01 7.040404e-03
7.130000e-01 7.060796e-03
7.140000e-01 7.080984e-03
7.150000e-01 7.100965e-03
7.160000e-01 7.120740e-03
7.170000e-01 7.140306e-03
7.180000e-01 7.159664e-03
7.190000e-01 7.178811e-03
7.200000e-01 7.197746e-03
7.210000e-01 7.216470e-03
7.220000e-01 7.234979e-03
7.230000e-01 7.253274e-03
7.240000e-01 7.271354e-03
7.250000e-01 7.289216e-03
7.260000e-01 7.306861e-03
7.270000e-01 7.324287e-03
7.280000e-01 7.341493e-03
7.290000e-01 7.358478e-03
7.300000e-01 7.375240e-03
7.310000e-01 7.391779e-03
7.320000e-01 7.408094e-03
7.330000e-01 7.424184e-03
7.340000e-01 7.440046e-03
7.350000e-01 7.455682e-03
7.360000e-01 7.471088e-03
7.370000e-01 7.486265e-03
7.380000e-01 7.501210e-03
7.390000e-01 7.515924e-03
7.400000e-01 7.530405e-03
7.410000e-01 7.544651e-03
7.420000e-01 7.558662e-03
7.430000e-01 7.572437e-03
7.440000e-01 7.585974e-03
7.450000e-01 7.599273e-03
7.460000e-01 7.612332e-03
7.470000e-01 7.625150e-03
7.480000e-01 7.637727e-03
7.490000e-01 7.650060e-03
7.500000e-01 7.662149e-03
7.510000e-01 7.673993e-03
7.520000e-01 7.685591e-03
7.530000e-01 7.696942e-03
7.540000e-01 7.708044e-03
7.550000e-01 7.718896e-03
7.560000e-01 7.729498e-03
7.570000e-01 7.739848e-03
7.580000e-01 7.749945e-03
7.590000e-01 7.759787e-03
7.600000e-01 7.769375e-03
7.610000e-01 7.778707e-03
7.620000e-01 7.787781e-03
7.630000e-01 7.796597e-03
7.640000e-01 7.805153e-03
7.650000e-01 7.813449e-03
7.660000e-01 7.821483e-03
7.670000e-01 7.829253e-03
7.680000e-01 7.836760e-03
7.690000e-01 7.844002e-03
7.700000e-01 7.850978e-03
7.710000e-01 7.857686e-03
7.720000e-01 7.864126e-03
7.730000e-01 7.870296e-03
7.740000e-01 7.876195e-03
7.750000e-01 7.881823e-03
7.760000e-01 7.887177e-03
7.770000e-01 7.892258e-03
7.780000e-01 7.897063e-03
7.790000e-01 7.901592e-03
7.800000e-01 7.905844e-03
7.810000e-01 7.909817e-03
7.820000e-01 7.913511e-03
7.830000e-01 7.916923e-03
7.840000e-01 7.920054e-03
7.850000e-01 7.922902e-03
7.860000e-01 7.925465e-03
7.870000e-01 7.927743e-03
7.880000e-01 7.929735e-03
7.890000e-01 7.931439e-03
7.900000e-01 7.932855e-03
7.910000e-01 7.933981e-03
7.920000e-01 7.934815e-03
7.930000e-01 7.935358e-03
7.940000e-01 7.935608e-03
7.950000e-01 7.935563e-03
7.960000e-01 7.935222e-03
7.970000e-01 7.934586e-03
7.980000e-01 7.933651e-03
7.990000e-01 7.932417e-03
8.000000e-01 7.930884e-03
8.010000e-01 7.929049e-03
8.020000e-01 7.926912e-03
8.030000e-01 7.924471e-03
8.040000e-01 7.921726e-03
8.050000e-01 7.918675e-03
8.060000e-01 7.915318e-03
8.070000e-01 7.911652e-03
8.080000e-01 7.907677e-03
8.090000e-01 7.903392e-03
8.100000e-01 7.898796e-03
8.110000e-01 7.893886e-03
8.120000e-01 7.888664e-03
8.130000e-01 7.883126e-03
8.140000e-01 7.877272e-03
8.150000e-01 7.871101e-03
8.160000e-01 7.864612e-03
8.170000e-01 7.857803e-03
8.180000e-01 7.850674e-03
8.190000e-01 7.843223e-03
8.200000e-01 7.835449e-03
8.210000e-01 7.827351e-03
8.220000e-01 7.818928e-03
8.230000e-01 7.810178e-03
8.240000e-01 7.801101e-03
8.250000e-01 7.791695e-03
8.260000e-01 7.781959e-03
8.270000e-01 7.771892e-03
8.280000e-01 7.761493e-03
8.290000e-01 7.750761e-03
8.300000e-01 7.739694e-03
8.310000e-01 7.728292e-03
8.320000e-01 7.716553e-03
8.330000e-01 7.704476e-03
8.340000e-01 7.692059e-03
8.350000e-01 7.679303e-03
8.360000e-01 7.666205e-03
8.370000e-01 7.652764e-03
8.380000e-01 7.638980e-03
8.390000e-01 7.624850e-03
8.400000e-01 7.610375e-03
8.410000e-01 7.595552e-03
8.420000e-01 7.580380e-03
8.430000e-01 7.564859e-03
8.440000e-01 7.548988e-03
8.450000e-01 7.532764e-03
8.460000e-01 7.516187e-03
8.470000e-01 7.499256e-03
8.480000e-01 7.481969e-03
8.490000e-01 7.464326e-03
8.500000e-01 7.446324e-03
8.510000e-01 7.427964e-03
8.520000e-01 7.409243e-03
8.530000e-01 7.390161e-03
8.540000e-01 7.370717e-03
8.550000e-01 7.350909e-03
8.560000e-01 7.330736e-03
8.570000e-01 7.310196e-03
8.580000e-01 7.289290e-03
8.590000e-01 7.268015e-03
8.600000e-01 7.246370e-03
8.610000e-01 7.224355e-03
8.620000e-01 7.201967e-03
8.630000e-01 7.179206e-03
8.640000e-01 7.156071e-03
8.650000e-01 7.132560e-03
8.660000e-01 7.108673e-03
8.670000e-01 7.084407e-03
8.680000e-01 7.059762e-03
8.690000e-01 7.034737e-03
8.700000e-01 7.009331e-03
8.710000e-01 6.983541e-03
8.720000e-01 6.957368e-03
8.730000e-01 6.930810e-03
8.740000e-01 6.903865e-03
8.750000e-01 6.876533e-03
8.760000e-01 6.848812e-03
8.770000e-01 6.820701e-03
8.780000e-01 6.792199e-03
8.790000e-01 6.763304e-03
8.800000e-01 6.734017e-03
8.810000e-01 6.704334e-03
8.820000e-01 6.674256e-03
8.830000e-01 6.643780e-03
8.840000e-01 6.612906e-03
8.850000e-01 6.581633e-03
8.860000e-01 6.549958e-03
8.870000e-01 6.517882e-03
8.880000e-01 6.485403e-03
8.890000e-01 6.452519e-03
8.900000e-01 6.419230e-03
8.910000e-01 6.385534e-03
8.920000e-01 6.351430e-03
8.930000e-01 6.316916e-03
8.940000e-01 6.281993e-03
8.950000e-01 6.246657e-03
8.960000e-01 6.210909e-03
8.970000e-01 6.174747e-03
8.980000e-01 6.138169e-03
8.990000e-01 6.101175e-03
9.000000e-01 6.063764e-03
9.010000e-01 6.025933e-03
9.020000e-01 5.987682e-03
9.030000e-01 5.949010e-03
9.040000e-01 5.909915e-03
9.050000e-01 5.870397e-03
9.060000e-01 5.830453e-03
9.070000e-01 5.790083e-03
9.080000e-01 5.749286e-03
9.090000e-01 5.708059e-03
9.100000e-01 5.666403e-03
9.110000e-01 5.624316e-03
9.120000e-01 5.581796e-03
9.130000e-01 5.538843e-03
9.140000e-01 5.495455e-03
9.150000e-01 5.451631e-03
9.160000e-01 5.407369e-03
9.170000e-01 5.362669e-03
9.180000e-01 5.317529e-03
9.190000e-01 5.271948e-03
9.200000e-01 5.225925e-03
9.210000e-01 5.179458e-03
9.220000e-01 5.132546e-03
9.230000e-01 5.085189e-03
9.240000e-01 5.037384e-03
9.250000e-01 4.989131e-03
9.260000e-01 4.940428e-03
9.270000e-01 4.891275e-03
9.280000e-01 4.841669e-03
9.290000e-01 4.791609e-03
9.300000e-01 4.741095e-03
9.310000e-01 4.690125e-03
9.320000e-01 4.638698e-03
9.330000e-01 4.586812e-03
9.340000e-01 4.534467e-03
9.350000e-01 4.481661e-03
9.360000e-01 4.428393e-03
9.370000e-01 4.374661e-03
9.380000e-01 4.320465e-03
9.390000e-01 4.265802e-03
9.400000e-01 4.210673e-03
9.410000e-01 4.155075e-03
9.420000e-01 4.099008e-03
9.430000e-01 4.042469e-03
9.440000e-01 3.985458e-03
9.450000e-01 3.927974e-03
9.460000e-01 3.870015e-03
9.470000e-01 3.811581e-03
9.480000e-01 3.752669e-03
9.490000e-01 3.693278e-03
9.500000e-01 3.633408e-03
9.510000e-01 3.573056e-03
9.520000e-01 3.512223e-03
9.530000e-01 3.450905e-03
9.540000e-01 3.389103e-03
9.550000e-01 3.326815e-03
9.560000e-01 3.264040e-03
9.570000e-01 3.200776e-03
9.580000e-01 3.137022e-03
9.590000e-01 3.072776e-03
9.600000e-01 3.008039e-03
9.610000e-01 2.942807e-03
9.620000e-01 2.877081e-03
9.630000e-01 2.810859e-03
9.640000e-01 2.744138e-03
9.650000e-01 2.676919e-03
9.660000e-01 2.609200e-03
9.670000e-01 2.540980e-03
9.680000e-01 2.472257e-03
9.690000e-01 2.403030e-03
9.700000e-01 2.333297e-03
9.710000e-01 2.263059e-03
9.720000e-01 2.192312e-03
9.730000e-01 2.121056e-03
9.740000e-01 2.049290e-03
9.750000e-01 1.977013e-03
9.760000e-01 1.904222e-03
9.770000e-01 1.830917e-03
9.780000e-01 1.757097e-03
9.790000e-01 1.682760e-03
9.800000e-01 1.607904e-03
9.810000e-01 1.532530e-03
9.820000e-01 1.456634e-03
9.830000e-01 1.380217e-03
9.840000e-01 1.303276e-03
9.850000e-01 1.225811e-03
9.860000e-01 1.147820e-03
9.870000e-01 1.069302e-03
9.880000e-01 9.902553e-04
9.890000e-01 9.106788e-04
9.900000e-01 8.305713e-04
9.910000e-01 7.499314e-04
9.920000e-01 6.687578e-04
9.930000e-01 5.870492e-04
9.940000e-01 5.048044e-04
9.950000e-01 4.220219e-04
9.960000e-01 3.387006e-04
9.970000e-01 2.548390e-04
9.980000e-01 1.704360e-04
9.990000e-01 8.549005e-05
