0.000000e+00 0.000000e+00
1.000000e-03 1.018839e-05
2.000000e-03 2.047658e-05
3.000000e-03 3.086198e-05
4.000000e-03 4.134202e-05
5.000000e-03 5.191410e-05
6.000000e-03 6.257567e-05
7.000000e-03 7.332418e-05
8.000000e-03 8.415706e-05
9.000000e-03 9.507180e-05
1.000000e-02 1.060658e-04
1.100000e-02 1.171367e-04
1.200000e-02 1.282818e-04
1.300000e-02 1.394987e-04
1.400000e-02 1.507850e-04
1.500000e-02 1.621380e-04
1.600000e-02 1.735553e-04
1.700000e-02 1.850345e-04
1.800000e-02 1.965732e-04
1.900000e-02 2.081688e-04
2.000000e-02 2.198189e-04
2.100000e-02 2.315211e-04
2.200000e-02 2.432730e-04
2.300000e-02 2.550722e-04
2.400000e-02 2.669162e-04
2.500000e-02 2.788027e-04
2.600000e-02 2.907293e-04
2.700000e-02 3.026936e-04
2.800000e-02 3.146933e-04
2.900000e-02 3.267260e-04
3.000000e-02 3.387893e-04
3.100000e-02 3.508809e-04
3.200000e-02 3.629985e-04
3.300000e-02 3.751398e-04
3.400000e-02 3.873024e-04
3.500000e-02 3.994841e-04
3.600000e-02 4.116825e-04
3.700000e-02 4.238955e-04
3.800000e-02 4.361206e-04
3.900000e-02 4.483556e-04
4.000000e-02 4.605984e-04
4.100000e-02 4.728465e-04
4.200000e-02 4.850979e-04
4.300000e-02 4.973502e-04
4.400000e-02 5.096013e-04
4.500000e-02 5.218490e-04
4.600000e-02 5.340909e-04
4.700000e-02 5.463250e-04
4.800000e-02 5.585491e-04
4.900000e-02 5.707610e-04
5.000000e-02 5.829584e-04
5.100000e-02 5.951394e-04
5.200000e-02 6.073017e-04
5.300000e-02 6.194431e-04
5.400000e-02 6.315616e-04
5.500000e-02 6.436551e-04
5.600000e-02 6.557214e-04
5.700000e-02 6.677584e-04
5.800000e-02 6.797640e-04
5.900000e-02 6.917362e-04
6.000000e-02 7.036728e-04
6.100000e-02 7.155719e-04
6.200000e-02 7.274313e-04
6.300000e-02 7.392490e-04
6.400000e-02 7.510230e-04
6.500000e-02 7.627512e-04
6.600000e-02 7.744317e-04
6.700000e-02 7.860623e-04
6.800000e-02 7.976412e-04
6.900000e-02 8.091663e-04
7.000000e-02 8.206356e-04
7.100000e-02 8.320472e-04
7.200000e-02 8.433990e-04
7.300000e-02 8.546892e-04
7.400000e-02 8.659158e-04
7.500000e-02 8.770769e-04
7.600000e-02 8.881705e-04
7.700000e-02 8.991946e-04
7.800000e-02 9.101475e-04
7.900000e-02 9.210272e-04
8.000000e-02 9.318317e-04
8.100000e-02 9.425593e-04
8.200000e-02 9.532080e-04
8.300000e-02 9.637760e-04
8.400000e-02 9.742614e-04
8.500000e-02 9.846624e-04
8.600000e-02 9.949771e-04
8.700000e-02 1.005204e-03
8.800000e-02 1.015340e-03
8.900000e-02 1.025385e-03
9.000000e-02 1.035337e-03
9.100000e-02 1.045193e-03
9.200000e-02 1.054952e-03
9.300000e-02 1.064612e-03
9.400000e-02 1.074171e-03
9.500000e-02 1.083629e-03
9.600000e-02 1.092981e-03
9.700000e-02 1.102229e-03
9.800000e-02 1.111368e-03
9.900000e-02 1.120398e-03
1.000000e-01 1.129317e-03
1.010000e-01 1.138123e-03
1.020000e-01 1.146815e-03
1.030000e-01 1.155391e-03
1.040000e-01 1.163849e-03
1.050000e-01 1.172187e-03
1.060000e-01 1.180404e-03
1.070000e-01 1.188499e-03
1.080000e-01 1.196469e-03
1.090000e-01 1.204313e-03
1.100000e-01 1.212029e-03
1.110000e-01 1.219616e-03
1.120000e-01 1.227072e-03
1.130000e-01 1.234396e-03
1.140000e-01 1.241586e-03
1.150000e-01 1.248640e-03
1.160000e-01 1.255556e-03
1.170000e-01 1.262334e-03
1.180000e-01 1.268972e-03
1.190000e-01 1.275468e-03
1.200000e-01 1.281820e-03
1.210000e-01 1.288028e-03
1.220000e-01 1.294089e-03
1.230000e-01 1.300002e-03
1.240000e-01 1.305766e-03
1.250000e-01 1.311379e-03
1.260000e-01 1.316839e-03
1.270000e-01 1.322146e-03
1.280000e-01 1.327297e-03
1.290000e-01 1.332292e-03
1.300000e-01 1.337128e-03
1.310000e-01 1.341805e-03
1.320000e-01 1.346320e-03
1.330000e-01 1.350674e-03
1.340000e-01 1.354863e-03
1.350000e-01 1.358887e-03
1.360000e-01 1.362744e-03
1.370000e-01 1.366434e-03
1.380000e-01 1.369954e-03
1.390000e-01 1.373303e-03
1.400000e-01 1.376480e-03
1.410000e-01 1.379484e-03
1.420000e-01 1.382313e-03
1.430000e-01 1.384965e-03
1.440000e-01 1.387441e-03
1.450000e-01 1.389737e-03
1.460000e-01 1.391854e-03
1.470000e-01 1.393789e-03
1.480000e-01 1.395542e-03
1.490000e-01 1.397111e-03
1.500000e-01 1.398494e-03
1.510000e-01 1.399692e-03
1.520000e-01 1.400701e-03
1.530000e-01 1.401522e-03
1.540000e-01 1.402153e-03
1.550000e-01 1.402593e-03
1.560000e-01 1.402840e-03
1.570000e-01 1.402893e-03
1.580000e-01 1.402752e-03
1.590000e-01 1.402414e-03
1.600000e-01 1.401879e-03
1.610000e-01 1.401146e-03
1.620000e-01 1.400213e-03
1.630000e-01 1.399080e-03
1.640000e-01 1.397744e-03
1.650000e-01 1.396206e-03
1.660000e-01 1.394464e-03
1.670000e-01 1.392517e-03
1.680000e-01 1.390363e-03
1.690000e-01 1.388002e-03
1.700000e-01 1.385432e-03
1.710000e-01 1.382653e-03
1.720000e-01 1.379664e-03
1.730000e-01 1.376462e-03
1.740000e-01 1.373049e-03
1.750000e-01 1.369421e-03
1.760000e-01 1.365579e-03
1.770000e-01 1.361521e-03
1.780000e-01 1.357246e-03
1.790000e-01 1.352753e-03
1.800000e-01 1.348042e-03
1.810000e-01 1.343111e-03
1.820000e-01 1.337959e-03
1.830000e-01 1.332585e-03
1.840000e-01 1.326989e-03
1.850000e-01 1.321170e-03
1.860000e-01 1.315125e-03
1.870000e-01 1.308856e-03
1.880000e-01 1.302360e-03
1.890000e-01 1.295637e-03
1.900000e-01 1.288685e-03
1.910000e-01 1.281505e-03
1.920000e-01 1.274095e-03
1.930000e-01 1.266453e-03
1.940000e-01 1.258581e-03
1.950000e-01 1.250475e-03
1.960000e-01 1.242136e-03
1.970000e-01 1.233563e-03
1.980000e-01 1.224755e-03
1.990000e-01 1.215711e-03
2.000000e-01 1.206431e-03
2.010000e-01 1.196913e-03
2.020000e-01 1.187156e-03
2.030000e-01 1.177161e-03
2.040000e-01 1.166926e-03
2.050000e-01 1.156450e-03
2.060000e-01 1.145732e-03
2.070000e-01 1.134773e-03
2.080000e-01 1.123571e-03
2.090000e-01 1.112125e-03
2.100000e-01 1.100435e-03
2.110000e-01 1.088500e-03
2.120000e-01 1.076319e-03
2.130000e-01 1.063892e-03
2.140000e-01 1.051218e-03
2.150000e-01 1.038295e-03
2.160000e-01 1.025125e-03
2.170000e-01 1.011705e-03
2.180000e-01 9.980358e-04
2.190000e-01 9.841160e-04
2.200000e-01 9.699451e-04
2.210000e-01 9.555226e-04
2.220000e-01 9.408478e-04
2.230000e-01 9.259202e-04
2.240000e-01 9.107391e-04
2.250000e-01 8.953039e-04
2.260000e-01 8.796141e-04
2.270000e-01 8.636690e-04
2.280000e-01 8.474682e-04
2.290000e-01 8.310111e-04
2.300000e-01 8.142972e-04
2.310000e-01 7.973258e-04
2.320000e-01 7.800965e-04
2.330000e-01 7.626088e-04
2.340000e-01 7.448621e-04
2.350000e-01 7.268560e-04
2.360000e-01 7.085899e-04
2.370000e-01 6.900634e-04
2.380000e-01 6.712761e-04
2.390000e-01 6.522274e-04
2.400000e-01 6.329169e-04
2.410000e-01 6.133441e-04
2.420000e-01 5.935087e-04
2.430000e-01 5.734101e-04
2.440000e-01 5.530481e-04
2.450000e-01 5.324220e-04
2.460000e-01 5.115317e-04
2.470000e-01 4.903766e-04
2.480000e-01 4.689564e-04
2.490000e-01 4.472708e-04
2.500000e-01 4.253192e-04
2.510000e-01 4.031015e-04
2.520000e-01 3.806172e-04
2.530000e-01 3.578661e-04
2.540000e-01 3.348477e-04
2.550000e-01 3.115617e-04
2.560000e-01 2.880080e-04
2.570000e-01 2.641860e-04
2.580000e-01 2.400957e-04
2.590000e-01 2.157366e-04
2.600000e-01 1.911085e-04
2.610000e-01 1.662111e-04
2.620000e-01 1.410442e-04
2.630000e-01 1.156075e-04
2.640000e-01 8.990079e-05
2.650000e-01 6.392384e-05
2.660000e-01 3.767641e-05
2.670000e-01 1.115831e-05
2.680000e-01 1.563069e-05
2.690000e-01 4.269076e-05
2.700000e-01 7.002211e-05
2.710000e-01 9.762490e-05
2.720000e-01 1.254993e-04
2.730000e-01 1.536455e-04
2.740000e-01 1.820636e-04
2.750000e-01 2.107538e-04
2.760000e-01 2.397162e-04
2.770000e-01 2.689509e-04
2.780000e-01 2.984580e-04
2.790000e-01 3.282377e-04
2.800000e-01 3.582901e-04
2.810000e-01 3.886152e-04
2.820000e-01 4.192130e-04
2.830000e-01 4.500838e-04
2.840000e-01 4.812275e-04
2.850000e-01 5.126443e-04
2.860000e-01 5.443340e-04
2.870000e-01 5.762969e-04
2.880000e-01 6.085328e-04
2.890000e-01 6.410419e-04
2.900000e-01 6.738241e-04
2.910000e-01 7.068794e-04
2.920000e-01 7.402079e-04
2.930000e-01 7.738094e-04
2.940000e-01 8.076841e-04
2.950000e-01 8.418317e-04
2.960000e-01 8.762524e-04
2.970000e-01 9.109460e-04
2.980000e-01 9.459125e-04
2.990000e-01 9.811519e-04
3.000000e-01 1.016664e-03
3.010000e-01 1.052449e-03
3.020000e-01 1.088506e-03
3.030000e-01 1.124835e-03
3.040000e-01 1.161437e-03
3.050000e-01 1.198312e-03
3.060000e-01 1.235458e-03
3.070000e-01 1.272876e-03
3.080000e-01 1.310566e-03
3.090000e-01 1.348528e-03
3.100000e-01 1.386761e-03
3.110000e-01 1.425265e-03
3.120000e-01 1.464040e-03
3.130000e-01 1.503086e-03
3.140000e-01 1.542403e-03
3.150000e-01 1.581991e-03
3.160000e-01 1.621848e-03
3.170000e-01 1.661976e-03
3.180000e-01 1.702373e-03
3.190000e-01 1.743040e-03
3.200000e-01 1.783976e-03
3.210000e-01 1.825181e-03
3.220000e-01 1.866655e-03
3.230000e-01 1.908398e-03
3.240000e-01 1.950408e-03
3.250000e-01 1.992686e-03
3.260000e-01 2.035232e-03
3.270000e-01 2.078045e-03
3.280000e-01 2.121125e-03
3.290000e-01 2.164472e-03
3.300000e-01 2.208085e-03
3.310000e-01 2.251963e-03
3.320000e-01 2.296107e-03
3.330000e-01 2.340517e-03
3.340000e-01 2.385190e-03
3.350000e-01 2.430129e-03
3.360000e-01 2.475331e-03
3.370000e-01 2.520797e-03
3.380000e-01 2.566526e-03
3.390000e-01 2.612517e-03
3.400000e-01 2.658771e-03
3.410000e-01 2.705287e-03
3.420000e-01 2.752064e-03
3.430000e-01 2.799102e-03
3.440000e-01 2.846400e-03
3.450000e-01 2.893958e-03
3.460000e-01 2.941776e-03
3.470000e-01 2.989853e-03
3.480000e-01 3.038188e-03
3.490000e-01 3.086782e-03
3.500000e-01 3.135632e-03
3.510000e-01 3.184740e-03
3.520000e-01 3.234104e-03
3.530000e-01 3.283723e-03
3.540000e-01 3.333598e-03
3.550000e-01 3.383728e-03
3.560000e-01 3.434112e-03
3.570000e-01 3.484749e-03
3.580000e-01 3.535639e-03
3.590000e-01 3.586782e-03
3.600000e-01 3.638176e-03
3.610000e-01 3.689822e-03
3.620000e-01 3.741718e-03
3.630000e-01 3.793863e-03
3.640000e-01 3.846258e-03
3.650000e-01 3.898902e-03
3.660000e-01 3.951793e-03
3.670000e-01 4.004932e-03
3.680000e-01 4.058317e-03
3.690000e-01 4.111948e-03
3.700000e-01 4.165824e-03
3.710000e-01 4.219944e-03
3.720000e-01 4.274308e-03
3.730000e-01 4.328916e-03
3.740000e-01 4.383765e-03
3.750000e-01 4.438856e-03
3.760000e-01 4.494188e-03
3.770000e-01 4.549759e-03
3.780000e-01 4.605570e-03
3.790000e-01 4.661619e-03
3.800000e-01 4.717906e-03
3.810000e-01 4.774430e-03
3.820000e-01 4.831190e-03
3.830000e-01 4.888185e-03
3.840000e-01 4.945415e-03
3.850000e-01 5.002878e-03
3.860000e-01 5.060574e-03
3.870000e-01 5.118502e-03
3.880000e-01 5.176661e-03
3.890000e-01 5.235050e-03
3.900000e-01 5.293668e-03
3.910000e-01 5.352515e-03
3.920000e-01 5.411589e-03
3.930000e-01 5.470890e-03
3.940000e-01 5.530417e-03
3.950000e-01 5.590168e-03
3.960000e-01 5.650144e-03
3.970000e-01 5.710342e-03
3.980000e-01 5.770762e-03
3.990000e-01 5.831404e-03
4.000000e-01 5.892265e-03
4.010000e-01 5.953346e-03
4.020000e-01 6.014644e-03
4.030000e-01 6.076160e-03
4.040000e-01 6.137892e-03
4.050000e-01 6.199839e-03
4.060000e-01 6.262000e-03
4.070000e-01 6.324374e-03
4.080000e-01 6.386961e-03
4.090000e-01 6.449758e-03
4.100000e-01 6.512765e-03
4.110000e-01 6.575981e-03
4.120000e-01 6.639405e-03
4.130000e-01 6.703036e-03
4.140000e-01 6.766873e-03
4.150000e-01 6.830914e-03
4.160000e-01 6.895158e-03
4.170000e-01 6.959605e-03
4.180000e-01 7.024253e-03
4.190000e-01 7.089102e-03
4.200000e-01 7.154149e-03
4.210000e-01 7.219394e-03
4.220000e-01 7.284836e-03
4.230000e-01 7.350473e-03
4.240000e-01 7.416305e-03
4.250000e-01 7.482329e-03
4.260000e-01 7.548546e-03
4.270000e-01 7.614954e-03
4.280000e-01 7.681551e-03
4.290000e-01 7.748336e-03
4.300000e-01 7.815308e-03
4.310000e-01 7.882467e-03
4.320000e-01 7.949810e-03
4.330000e-01 8.017336e-03
4.340000e-01 8.085045e-03
4.350000e-01 8.152934e-03
4.360000e-01 8.221003e-03
4.370000e-01 8.289251e-03
4.380000e-01 8.357675e-03
4.390000e-01 8.426275e-03
4.400000e-01 8.495049e-03
4.410000e-01 8.563997e-03
4.420000e-01 8.633116e-03
4.430000e-01 8.702405e-03
4.440000e-01 8.771864e-03
4.450000e-01 8.841490e-03
4.460000e-01 8.911283e-03
4.470000e-01 8.981240e-03
4.480000e-01 9.051361e-03
4.490000e-01 9.121644e-03
4.500000e-01 9.192088e-03
4.510000e-01 9.262692e-03
4.520000e-01 9.333453e-03
4.530000e-01 9.404371e-03
4.540000e-01 9.475444e-03
4.550000e-01 9.546670e-03
4.560000e-01 9.618049e-03
4.570000e-01 9.689578e-03
4.580000e-01 9.761257e-03
4.590000e-01 9.833083e-03
4.600000e-01 9.905056e-03
4.610000e-01 9.977174e-03
4.620000e-01 1.004943e-02
4.630000e-01 1.012184e-02
4.640000e-01 1.019438e-02
4.650000e-01 1.026706e-02
4.660000e-01 1.033988e-02
4.670000e-01 1.041283e-02
4.680000e-01 1.048592e-02
4.690000e-01 1.055914e-02
4.700000e-01 1.063250e-02
4.710000e-01 1.070598e-02
4.720000e-01 1.077959e-02
4.730000e-01 1.085332e-02
4.740000e-01 1.092718e-02
4.750000e-01 1.100116e-02
4.760000e-01 1.107527e-02
4.770000e-01 1.114949e-02
4.780000e-01 1.122383e-02
4.790000e-01 1.129829e-02
4.800000e-01 1.137286e-02
4.810000e-01 1.144755e-02
4.820000e-01 1.152234e-02
4.830000e-01 1.159725e-02
4.840000e-01 1.167226e-02
4.850000e-01 1.174738e-02
4.860000e-01 1.182261e-02
4.870000e-01 1.189794e-02
4.880000e-01 1.197337e-02
4.890000e-01 1.204890e-02
4.900000e-01 1.212452e-02
4.910000e-01 1.220024e-02
4.920000e-01 1.227606e-02
4.930000e-01 1.235197e-02
4.940000e-01 1.242797e-02
4.950000e-01 1.250405e-02
4.960000e-01 1.258023e-02
4.970000e-01 1.265649e-02
4.980000e-01 1.273283e-02
4.990000e-01 1.280925e-02
5.000000e-01 1.288576e-02
5.010000e-01 1.296234e-02
5.020000e-01 1.303900e-02
5.030000e-01 1.311573e-02
5.040000e-01 1.319253e-02
5.050000e-01 1.326941e-02
5.060000e-01 1.334635e-02
5.070000e-01 1.342336e-02
5.080000e-01 1.350043e-02
5.090000e-01 1.357757e-02
5.100000e-01 1.365477e-02
5.110000e-01 1.373202e-02
5.120000e-01 1.380934e-02
5.130000e-01 1.388670e-02
5.140000e-01 1.396412e-02
5.150000e-01 1.404160e-02
5.160000e-01 1.411912e-02
5.170000e-01 1.419669e-02
5.180000e-01 1.427430e-02
5.190000e-01 1.435196e-02
5.200000e-01 1.442965e-02
5.210000e-01 1.450739e-02
5.220000e-01 1.458516e-02
5.230000e-01 1.466297e-02
5.240000e-01 1.474081e-02
5.250000e-01 1.481869e-02
5.260000e-01 1.489659e-02
5.270000e-01 1.497451e-02
5.280000e-01 1.505247e-02
5.290000e-01 1.513044e-02
5.300000e-01 1.520844e-02
5.310000e-01 1.528645e-02
5.320000e-01 1.536448e-02
5.330000e-01 1.544253e-02
5.340000e-01 1.552058e-02
5.350000e-01 1.559865e-02
5.360000e-01 1.567672e-02
5.370000e-01 1.575480e-02
5.380000e-01 1.583289e-02
5.390000e-01 1.591097e-02
5.400000e-01 1.598906e-02
5.410000e-01 1.606714e-02
5.420000e-01 1.614521e-02
5.430000e-01 1.622328e-02
5.440000e-01 1.630134e-02
5.450000e-01 1.637938e-02
5.460000e-01 1.645742e-02
5.470000e-01 1.653543e-02
5.480000e-01 1.661343e-02
5.490000e-01 1.669140e-02
5.500000e-01 1.676935e-02
5.510000e-01 1.684728e-02
5.520000e-01 1.692518e-02
5.530000e-01 1.700305e-02
5.540000e-01 1.708089e-02
5.550000e-01 1.715869e-02
5.560000e-01 1.723645e-02
5.570000e-01 1.731418e-02
5.580000e-01 1.739186e-02
5.590000e-01 1.746950e-02
5.600000e-01 1.754710e-02
5.610000e-01 1.762464e-02
5.620000e-01 1.770213e-02
5.630000e-01 1.777957e-02
5.640000e-01 1.785696e-02
5.650000e-01 1.793428e-02
5.660000e-01 1.801155e-02
5.670000e-01 1.808875e-02
5.680000e-01 1.816589e-02
5.690000e-01 1.824295e-02
5.700000e-01 1.831995e-02
5.710000e-01 1.839688e-02
5.720000e-01 1.847373e-02
5.730000e-01 1.855050e-02
5.740000e-01 1.862719e-02
5.750000e-01 1.870380e-02
5.760000e-01 1.878032e-02
5.770000e-01 1.885676e-02
5.780000e-01 1.893310e-02
5.790000e-01 1.900936e-02
5.800000e-01 1.908551e-02
5.810000e-01 1.916157e-02
5.820000e-01 1.923753e-02
5.830000e-01 1.931339e-02
5.840000e-01 1.938914e-02
5.850000e-01 1.946478e-02
5.860000e-01 1.954031e-02
5.870000e-01 1.961573e-02
5.880000e-01 1.969103e-02
5.890000e-01 1.976622e-02
5.900000e-01 1.984128e-02
5.910000e-01 1.991622e-02
5.920000e-01 1.999103e-02
5.930000e-01 2.006572e-02
5.940000e-01 2.014027e-02
5.950000e-01 2.021469e-02
5.960000e-01 2.028897e-02
5.970000e-01 2.036311e-02
5.980000e-01 2.043711e-02
5.990000e-01 2.051097e-02
6.000000e-01 2.058467e-02
6.010000e-01 2.065823e-02
6.020000e-01 2.073163e-02
6.030000e-01 2.080488e-02
6.040000e-01 2.087797e-02
6.050000e-01 2.095090e-02
6.060000e-01 2.102366e-02
6.070000e-01 2.109626e-02
6.080000e-01 2.116868e-02
6.090000e-01 2.124094e-02
6.100000e-01 2.131302e-02
6.110000e-01 2.138492e-02
6.120000e-01 2.145664e-02
6.130000e-01 2.152818e-02
6.140000e-01 2.159953e-02
6.150000e-01 2.167069e-02
6.160000e-01 2.174166e-02
6.170000e-01 2.181243e-02
6.180000e-01 2.188301e-02
6.190000e-01 2.195339e-02
6.200000e-01 2.202356e-02
6.210000e-01 2.209353e-02
6.220000e-01 2.216328e-02
6.230000e-01 2.223283e-02
6.240000e-01 2.230216e-02
6.250000e-01 2.237127e-02
6.260000e-01 2.244016e-02
6.270000e-01 2.250883e-02
6.280000e-01 2.257727e-02
6.290000e-01 2.264548e-02
6.300000e-01 2.271346e-02
6.310000e-01 2.278120e-02
6.320000e-01 2.284871e-02
6.330000e-01 2.291597e-02
6.340000e-01 2.298299e-02
6.350000e-01 2.304976e-02
6.360000e-01 2.311628e-02
6.370000e-01 2.318254e-02
6.380000e-01 2.324855e-02
6.390000e-01 2.331430e-02
6.400000e-01 2.337979e-02
6.410000e-01 2.344501e-02
6.420000e-01 2.350996e-02
6.430000e-01 2.357464e-02
6.440000e-01 2.363905e-02
6.450000e-01 2.370317e-02
6.460000e-01 2.376702e-02
6.470000e-01 2.383058e-02
6.480000e-01 2.389386e-02
6.490000e-01 2.395684e-02
6.500000e-01 2.401953e-02
6.510000e-01 2.408193e-02
6.520000e-01 2.414402e-02
6.530000e-01 2.420581e-02
6.540000e-01 2.426730e-02
6.550000e-01 2.432847e-02
6.560000e-01 2.438933e-02
6.570000e-01 2.444988e-02
6.580000e-01 2.451011e-02
6.590000e-01 2.457001e-02
6.600000e-01 2.462960e-02
6.610000e-01 2.468885e-02
6.620000e-01 2.474777e-02
6.630000e-01 2.480635e-02
6.640000e-01 2.486460e-02
6.650000e-01 2.492250e-02
6.660000e-01 2.498007e-02
6.670000e-01 2.503728e-02
6.680000e-01 2.509414e-02
6.690000e-01 2.515064e-02
6.700000e-01 2.520679e-02
6.710000e-01 2.526258e-02
6.720000e-01 2.531800e-02
6.730000e-01 2.537306e-02
6.740000e-01 2.542774e-02
6.750000e-01 2.548205e-02
6.760000e-01 2.553598e-02
6.770000e-01 2.558953e-02
6.780000e-01 2.564269e-02
6.790000e-01 2.569547e-02
6.800000e-01 2.574786e-02
6.810000e-01 2.579985e-02
6.820000e-01 2.585144e-02
6.830000e-01 2.590263e-02
6.840000e-01 2.595342e-02
6.850000e-01 2.600379e-02
6.860000e-01 2.605376e-02
6.870000e-01 2.610331e-02
6.880000e-01 2.615244e-02
6.890000e-01 2.620115e-02
6.900000e-01 2.624943e-02
6.910000e-01 2.629729e-02
6.920000e-01 2.634471e-02
6.930000e-01 2.639169e-02
6.940000e-01 2.643824e-02
6.950000e-01 2.648434e-02
6.960000e-01 2.653000e-02
6.970000e-01 2.657520e-02
6.980000e-01 2.661996e-02
6.990000e-01 2.666425e-02
7.000000e-01 2.670808e-02
7.010000e-01 2.675145e-02
7.020000e-01 2.679435e-02
7.030000e-01 2.683678e-02
7.040000e-01 2.687874e-02
7.050000e-01 2.692021e-02
7.060000e-01 2.696121e-02
7.070000e-01 2.700171e-02
7.080000e-01 2.704173e-02
7.090000e-01 2.708126e-02
7.100000e-01 2.712028e-02
7.110000e-01 2.715881e-02
7.120000e-01 2.719683e-02
7.130000e-01 2.723435e-02
7.140000e-01 2.727135e-02
7.150000e-01 2.730784e-02
7.160000e-01 2.734381e-02
7.170000e-01 2.737926e-02
7.180000e-01 2.741418e-02
7.190000e-01 2.744857e-02
7.200000e-01 2.748242e-02
7.210000e-01 2.751574e-02
7.220000e-01 2.754852e-02
7.230000e-01 2.758075e-02
7.240000e-01 2.761244e-02
7.250000e-01 2.764357e-02
7.260000e-01 2.767415e-02
7.270000e-01 2.770416e-02
7.280000e-01 2.773361e-02
7.290000e-01 2.776250e-02
7.300000e-01 2.779081e-02
7.310000e-01 2.781855e-02
7.320000e-01 2.784571e-02
7.330000e-01 2.787228e-02
7.340000e-01 2.789827e-02
7.350000e-01 2.792367e-02
7.360000e-01 2.794847e-02
7.370000e-01 2.797268e-02
7.380000e-01 2.799628e-02
7.390000e-01 2.801928e-02
7.400000e-01 2.804167e-02
7.410000e-01 2.806344e-02
7.420000e-01 2.808460e-02
7.430000e-01 2.810513e-02
7.440000e-01 2.812504e-02
7.450000e-01 2.814432e-02
7.460000e-01 2.816296e-02
7.470000e-01 2.818097e-02
7.480000e-01 2.819834e-02
7.490000e-01 2.821506e-02
7.500000e-01 2.823113e-02
7.510000e-01 2.824655e-02
7.520000e-01 2.826131e-02
7.530000e-01 2.827541e-02
7.540000e-01 2.828885e-02
7.550000e-01 2.830161e-02
7.560000e-01 2.831370e-02
7.570000e-01 2.832512e-02
7.580000e-01 2.833585e-02
7.590000e-01 2.834590e-02
7.600000e-01 2.835526e-02
7.610000e-01 2.836392e-02
7.620000e-01 2.837189e-02
7.630000e-01 2.837915e-02
7.640000e-01 2.838571e-02
7.650000e-01 2.839156e-02
7.660000e-01 2.839669e-02
7.670000e-01 2.840111e-02
7.680000e-01 2.840480e-02
7.690000e-01 2.840777e-02
7.700000e-01 2.841001e-02
7.710000e-01 2.841151e-02
7.720000e-01 2.841227e-02
7.730000e-01 2.841229e-02
7.740000e-01 2.841157e-02
7.750000e-01 2.841009e-02
7.760000e-01 2.840785e-02
7.770000e-01 2.840486e-02
7.780000e-01 2.840110e-02
7.790000e-01 2.839657e-02
7.800000e-01 2.839127e-02
7.810000e-01 2.838520e-02
7.820000e-01 2.837834e-02
7.830000e-01 2.837070e-02
7.840000e-01 2.836227e-02
7.850000e-01 2.835304e-02
7.860000e-01 2.834302e-02
7.870000e-01 2.833219e-02
7.880000e-01 2.832056e-02
7.890000e-01 2.830811e-02
7.900000e-01 2.829485e-02
7.910000e-01 2.828077e-02
7.920000e-01 2.826587e-02
7.930000e-01 2.825014e-02
7.940000e-01 2.823358e-02
7.950000e-01 2.821617e-02
7.960000e-01 2.819793e-02
7.970000e-01 2.817884e-02
7.980000e-01 2.815891e-02
7.990000e-01 2.813811e-02
8.000000e-01 2.811646e-02
8.010000e-01 2.809395e-02
8.020000e-01 2.807057e-02
8.030000e-01 2.804631e-02
8.040000e-01 2.802118e-02
8.050000e-01 2.799517e-02
8.060000e-01 2.796827e-02
8.070000e-01 2.794048e-02
8.080000e-01 2.791180e-02
8.090000e-01 2.788222e-02
8.100000e-01 2.785174e-02
8.110000e-01 2.782034e-02
8.120000e-01 2.778804e-02
8.130000e-01 2.775482e-02
8.140000e-01 2.772068e-02
8.150000e-01 2.768561e-02
8.160000e-01 2.764961e-02
8.170000e-01 2.761268e-02
8.180000e-01 2.757480e-02
8.190000e-01 2.753599e-02
8.200000e-01 2.749622e-02
8.210000e-01 2.745550e-02
8.220000e-01 2.741382e-02
8.230000e-01 2.737119e-02
8.240000e-01 2.732758e-02
8.250000e-01 2.728300e-02
8.260000e-01 2.723745e-02
8.270000e-01 2.719092e-02
8.280000e-01 2.714340e-02
8.290000e-01 2.709489e-02
8.300000e-01 2.704538e-02
8.310000e-01 2.699488e-02
8.320000e-01 2.694337e-02
8.330000e-01 2.689085e-02
8.340000e-01 2.683733e-02
8.350000e-01 2.678278e-02
8.360000e-01 2.672721e-02
8.370000e-01 2.667061e-02
8.380000e-01 2.661298e-02
8.390000e-01 2.655431e-02
8.400000e-01 2.649460e-02
8.410000e-01 2.643385e-02
8.420000e-01 2.637204e-02
8.430000e-01 2.630918e-02
8.440000e-01 2.624526e-02
8.450000e-01 2.618027e-02
8.460000e-01 2.611421e-02
8.470000e-01 2.604708e-02
8.480000e-01 2.597887e-02
8.490000e-01 2.590957e-02
8.500000e-01 2.583918e-02
8.510000e-01 2.576770e-02
8.520000e-01 2.569512e-02
8.530000e-01 2.562144e-02
8.540000e-01 2.554665e-02
8.550000e-01 2.547074e-02
8.560000e-01 2.539372e-02
8.570000e-01 2.531557e-02
8.580000e-01 2.523629e-02
8.590000e-01 2.515588e-02
8.600000e-01 2.507434e-02
8.610000e-01 2.499165e-02
8.620000e-01 2.490781e-02
8.630000e-01 2.482282e-02
8.640000e-01 2.473667e-02
8.650000e-01 2.464936e-02
8.660000e-01 2.456088e-02
8.670000e-01 2.447123e-02
8.680000e-01 2.438040e-02
8.690000e-01 2.428839e-02
8.700000e-01 2.419519e-02
8.710000e-01 2.410080e-02
8.720000e-01 2.400521e-02
8.730000e-01 2.390842e-02
8.740000e-01 2.381043e-02
8.750000e-01 2.371122e-02
8.760000e-01 2.361079e-02
8.770000e-01 2.350914e-02
8.780000e-01 2.340626e-02
8.790000e-01 2.330215e-02
8.800000e-01 2.319680e-02
8.810000e-01 2.309021e-02
8.820000e-01 2.298238e-02
8.830000e-01 2.287328e-02
8.840000e-01 2.276294e-02
8.850000e-01 2.265132e-02
8.860000e-01 2.253844e-02
8.870000e-01 2.242429e-02
8.880000e-01 2.230886e-02
8.890000e-01 2.219214e-02
8.900000e-01 2.207414e-02
8.910000e-01 2.195484e-02
8.920000e-01 2.183424e-02
8.930000e-01 2.171234e-02
8.940000e-01 2.158913e-02
8.950000e-01 2.146460e-02
8.960000e-01 2.133876e-02
8.970000e-01 2.121158e-02
8.980000e-01 2.108308e-02
8.990000e-01 2.095325e-02
9.000000e-01 2.082207e-02
9.010000e-01 2.068955e-02
9.020000e-01 2.055567e-02
9.030000e-01 2.042044e-02
9.040000e-01 2.028385e-02
9.050000e-01 2.014589e-02
9.060000e-01 2.000656e-02
9.070000e-01 1.986585e-02
9.080000e-01 1.972376e-02
9.090000e-01 1.958028e-02
9.100000e-01 1.943541e-02
9.110000e-01 1.928914e-02
9.120000e-01 1.914146e-02
9.130000e-01 1.899238e-02
9.140000e-01 1.884188e-02
9.150000e-01 1.868996e-02
9.160000e-01 1.853661e-02
9.170000e-01 1.838184e-02
9.180000e-01 1.822563e-02
9.190000e-01 1.806797e-02
9.200000e-01 1.790887e-02
9.210000e-01 1.774832e-02
9.220000e-01 1.758631e-02
9.230000e-01 1.742284e-02
9.240000e-01 1.725789e-02
9.250000e-01 1.709148e-02
9.260000e-01 1.692358e-02
9.270000e-01 1.675420e-02
9.280000e-01 1.658333e-02
9.290000e-01 1.641096e-02
9.300000e-01 1.623709e-02
9.310000e-01 1.606172e-02
9.320000e-01 1.588483e-02
9.330000e-01 1.570642e-02
9.340000e-01 1.552650e-02
9.350000e-01 1.534504e-02
9.360000e-01 1.516205e-02
9.370000e-01 1.497751e-02
9.380000e-01 1.479144e-02
9.390000e-01 1.460381e-02
9.400000e-01 1.441462e-02
9.410000e-01 1.422388e-02
9.420000e-01 1.403156e-02
9.430000e-01 1.383767e-02
9.440000e-01 1.364221e-02
9.450000e-01 1.344516e-02
9.460000e-01 1.324652e-02
9.470000e-01 1.304628e-02
9.480000e-01 1.284444e-02
9.490000e-01 1.264100e-02
9.500000e-01 1.243594e-02
9.510000e-01 1.222926e-02
9.520000e-01 1.202096e-02
9.530000e-01 1.181103e-02
9.540000e-01 1.159947e-02
9.550000e-01 1.138626e-02
9.560000e-01 1.117141e-02
9.570000e-01 1.095491e-02
9.580000e-01 1.073674e-02
9.590000e-01 1.051692e-02
9.600000e-01 1.029542e-02
9.610000e-01 1.007225e-02
9.620000e-01 9.847401e-03
9.630000e-01 9.620863e-03
9.640000e-01 9.392633e-03
9.650000e-01 9.162704e-03
9.660000e-01 8.931072e-03
9.670000e-01 8.697730e-03
9.680000e-01 8.462672e-03
9.690000e-01 8.225893e-03
9.700000e-01 7.987387e-03
9.710000e-01 7.747149e-03
9.720000e-01 7.505171e-03
9.730000e-01 7.261449e-03
9.740000e-01 7.015977e-03
9.750000e-01 6.768748e-03
9.760000e-01 6.519757e-03
9.770000e-01 6.268999e-03
9.780000e-01 6.016466e-03
9.790000e-01 5.762154e-03
9.800000e-01 5.506056e-03
9.810000e-01 5.248167e-03
9.820000e-01 4.988481e-03
9.830000e-01 4.726991e-03
9.840000e-01 4.463692e-03
9.850000e-01 4.198578e-03
9.860000e-01 3.931643e-03
9.870000e-01 3.662881e-03
9.880000e-01 3.392286e-03
9.890000e-01 3.119852e-03
9.900000e-01 2.845573e-03
9.910000e-01 2.569443e-03
9.920000e-01 2.291457e-03
9.930000e-01 2.011608e-03
9.940000e-01 1.729890e-03
9.950000e-01 1.446297e-03
9.960000e-01 1.160823e-03
9.970000e-01 8.734629e-04
9.980000e-01 5.842095e-04
9.990000e-01 2.930573e-04
