0.000000e+00 0.000000e+00
1.000000e-03 4.319971e-05
2.000000e-03 8.612541e-05
3.000000e-03 1.287777e-04
4.000000e-03 1.711572e-04
5.000000e-03 2.132645e-04
6.000000e-03 2.551002e-04
7.000000e-03 2.966650e-04
8.000000e-03 3.379593e-04
9.000000e-03 3.789839e-04
1.000000e-02 4.197394e-04
1.100000e-02 4.602263e-04
1.200000e-02 5.004453e-04
1.300000e-02 5.403969e-04
1.400000e-02 5.800818e-04
1.500000e-02 6.195006e-04
1.600000e-02 6.586539e-04
1.700000e-02 6.975423e-04
1.800000e-02 7.361664e-04
1.900000e-02 7.745268e-04
2.000000e-02 8.126241e-04
2.100000e-02 8.504589e-04
2.200000e-02 8.880319e-04
2.300000e-02 9.253436e-04
2.400000e-02 9.623947e-04
2.500000e-02 9.991857e-04
2.600000e-02 1.035717e-03
2.700000e-02 1.071990e-03
2.800000e-02 1.108005e-03
2.900000e-02 1.143761e-03
3.000000e-02 1.179261e-03
3.100000e-02 1.214505e-03
3.200000e-02 1.249493e-03
3.300000e-02 1.284225e-03
3.400000e-02 1.318703e-03
3.500000e-02 1.352927e-03
3.600000e-02 1.386897e-03
3.700000e-02 1.420615e-03
3.800000e-02 1.454081e-03
3.900000e-02 1.487295e-03
4.000000e-02 1.520258e-03
4.100000e-02 1.552971e-03
4.200000e-02 1.585434e-03
4.300000e-02 1.617648e-03
4.400000e-02 1.649614e-03
4.500000e-02 1.681331e-03
4.600000e-02 1.712802e-03
4.700000e-02 1.744025e-03
4.800000e-02 1.775003e-03
4.900000e-02 1.805735e-03
5.000000e-02 1.836222e-03
5.100000e-02 1.866465e-03
5.200000e-02 1.896464e-03
5.300000e-02 1.926220e-03
5.400000e-02 1.955734e-03
5.500000e-02 1.985006e-03
5.600000e-02 2.014036e-03
5.700000e-02 2.042826e-03
5.800000e-02 2.071376e-03
5.900000e-02 2.099687e-03
6.000000e-02 2.127759e-03
6.100000e-02 2.155592e-03
6.200000e-02 2.183188e-03
6.300000e-02 2.210547e-03
6.400000e-02 2.237670e-03
6.500000e-02 2.264556e-03
6.600000e-02 2.291208e-03
6.700000e-02 2.317625e-03
6.800000e-02 2.343808e-03
6.900000e-02 2.369758e-03
7.000000e-02 2.395475e-03
7.100000e-02 2.420959e-03
7.200000e-02 2.446213e-03
7.300000e-02 2.471235e-03
7.400000e-02 2.496027e-03
7.500000e-02 2.520589e-03
7.600000e-02 2.544922e-03
7.700000e-02 2.569027e-03
7.800000e-02 2.592903e-03
7.900000e-02 2.616553e-03
8.000000e-02 2.639975e-03
8.100000e-02 2.663172e-03
8.200000e-02 2.686143e-03
8.300000e-02 2.708889e-03
8.400000e-02 2.731411e-03
8.500000e-02 2.753709e-03
8.600000e-02 2.775784e-03
8.700000e-02 2.797637e-03
8.800000e-02 2.819268e-03
8.900000e-02 2.840677e-03
9.000000e-02 2.861866e-03
9.100000e-02 2.882835e-03
9.200000e-02 2.903584e-03
9.300000e-02 2.924115e-03
9.400000e-02 2.944427e-03
9.500000e-02 2.964522e-03
9.600000e-02 2.984399e-03
9.700000e-02 3.004060e-03
9.800000e-02 3.023506e-03
9.900000e-02 3.042736e-03
1.000000e-01 3.061751e-03
1.010000e-01 3.080553e-03
1.020000e-01 3.099141e-03
1.030000e-01 3.117516e-03
1.040000e-01 3.135679e-03
1.050000e-01 3.153630e-03
1.060000e-01 3.171370e-03
1.070000e-01 3.188900e-03
1.080000e-01 3.206221e-03
1.090000e-01 3.223331e-03
1.100000e-01 3.240234e-03
1.110000e-01 3.256928e-03
1.120000e-01 3.273415e-03
1.130000e-01 3.289695e-03
1.140000e-01 3.305769e-03
1.150000e-01 3.321638e-03
1.160000e-01 3.337301e-03
1.170000e-01 3.352760e-03
1.180000e-01 3.368015e-03
1.190000e-01 3.383068e-03
1.200000e-01 3.397917e-03
1.210000e-01 3.412565e-03
1.220000e-01 3.427011e-03
1.230000e-01 3.441256e-03
1.240000e-01 3.455301e-03
1.250000e-01 3.469147e-03
1.260000e-01 3.482794e-03
1.270000e-01 3.496242e-03
1.280000e-01 3.509492e-03
1.290000e-01 3.522546e-03
1.300000e-01 3.535402e-03
1.310000e-01 3.548063e-03
1.320000e-01 3.560529e-03
1.330000e-01 3.572799e-03
1.340000e-01 3.584876e-03
1.350000e-01 3.596759e-03
1.360000e-01 3.608449e-03
1.370000e-01 3.619946e-03
1.380000e-01 3.631252e-03
1.390000e-01 3.642367e-03
1.400000e-01 3.653291e-03
1.410000e-01 3.664025e-03
1.420000e-01 3.674570e-03
1.430000e-01 3.684926e-03
1.440000e-01 3.695093e-03
1.450000e-01 3.705074e-03
1.460000e-01 3.714867e-03
1.470000e-01 3.724474e-03
1.480000e-01 3.733895e-03
1.490000e-01 3.743131e-03
1.500000e-01 3.752182e-03
1.510000e-01 3.761049e-03
1.520000e-01 3.769733e-03
1.530000e-01 3.778234e-03
1.540000e-01 3.786553e-03
1.550000e-01 3.794691e-03
1.560000e-01 3.802647e-03
1.570000e-01 3.810423e-03
1.580000e-01 3.818019e-03
1.590000e-01 3.825436e-03
1.600000e-01 3.832674e-03
1.610000e-01 3.839734e-03
1.620000e-01 3.846617e-03
1.630000e-01 3.853323e-03
1.640000e-01 3.859853e-03
1.650000e-01 3.866207e-03
1.660000e-01 3.872386e-03
1.670000e-01 3.878391e-03
1.680000e-01 3.884222e-03
1.690000e-01 3.889880e-03
1.700000e-01 3.895365e-03
1.710000e-01 3.900677e-03
1.720000e-01 3.905819e-03
1.730000e-01 3.910789e-03
1.740000e-01 3.915590e-03
1.750000e-01 3.920220e-03
1.760000e-01 3.924682e-03
1.770000e-01 3.928975e-03
1.780000e-01 3.933100e-03
1.790000e-01 3.937058e-03
1.800000e-01 3.940849e-03
1.810000e-01 3.944474e-03
1.820000e-01 3.947934e-03
1.830000e-01 3.951228e-03
1.840000e-01 3.954358e-03
1.850000e-01 3.957325e-03
1.860000e-01 3.960128e-03
1.870000e-01 3.962769e-03
1.880000e-01 3.965248e-03
1.890000e-01 3.967565e-03
1.900000e-01 3.969722e-03
1.910000e-01 3.971718e-03
1.920000e-01 3.973555e-03
1.930000e-01 3.975233e-03
1.940000e-01 3.976753e-03
1.950000e-01 3.978114e-03
1.960000e-01 3.979319e-03
1.970000e-01 3.980366e-03
1.980000e-01 3.981258e-03
1.990000e-01 3.981994e-03
2.000000e-01 3.982576e-03
2.010000e-01 3.983003e-03
2.020000e-01 3.983276e-03
2.030000e-01 3.983397e-03
2.040000e-01 3.983365e-03
2.050000e-01 3.983181e-03
2.060000e-01 3.982845e-03
2.070000e-01 3.982359e-03
2.080000e-01 3.981723e-03
2.090000e-01 3.980937e-03
2.100000e-01 3.980002e-03
2.110000e-01 3.978919e-03
2.120000e-01 3.977688e-03
2.130000e-01 3.976310e-03
2.140000e-01 3.974785e-03
2.150000e-01 3.973114e-03
2.160000e-01 3.971298e-03
2.170000e-01 3.969337e-03
2.180000e-01 3.967232e-03
2.190000e-01 3.964983e-03
2.200000e-01 3.962590e-03
2.210000e-01 3.960056e-03
2.220000e-01 3.957379e-03
2.230000e-01 3.954561e-03
2.240000e-01 3.951603e-03
2.250000e-01 3.948504e-03
2.260000e-01 3.945266e-03
2.270000e-01 3.941888e-03
2.280000e-01 3.938372e-03
2.290000e-01 3.934719e-03
2.300000e-01 3.930928e-03
2.310000e-01 3.927001e-03
2.320000e-01 3.922937e-03
2.330000e-01 3.918738e-03
2.340000e-01 3.914404e-03
2.350000e-01 3.909936e-03
2.360000e-01 3.905334e-03
2.370000e-01 3.900599e-03
2.380000e-01 3.895732e-03
2.390000e-01 3.890732e-03
2.400000e-01 3.885601e-03
2.410000e-01 3.880339e-03
2.420000e-01 3.874947e-03
2.430000e-01 3.869426e-03
2.440000e-01 3.863775e-03
2.450000e-01 3.857996e-03
2.460000e-01 3.852089e-03
2.470000e-01 3.846054e-03
2.480000e-01 3.839893e-03
2.490000e-01 3.833606e-03
2.500000e-01 3.827193e-03
2.510000e-01 3.820655e-03
2.520000e-01 3.813993e-03
2.530000e-01 3.807207e-03
2.540000e-01 3.800298e-03
2.550000e-01 3.793266e-03
2.560000e-01 3.786111e-03
2.570000e-01 3.778836e-03
2.580000e-01 3.771439e-03
2.590000e-01 3.763922e-03
2.600000e-01 3.756286e-03
2.610000e-01 3.748530e-03
2.620000e-01 3.740655e-03
2.630000e-01 3.732663e-03
2.640000e-01 3.724553e-03
2.650000e-01 3.716326e-03
2.660000e-01 3.707983e-03
2.670000e-01 3.699524e-03
2.680000e-01 3.690950e-03
2.690000e-01 3.682262e-03
2.700000e-01 3.673459e-03
2.710000e-01 3.664543e-03
2.720000e-01 3.655514e-03
2.730000e-01 3.646373e-03
2.740000e-01 3.637120e-03
2.750000e-01 3.627756e-03
2.760000e-01 3.618282e-03
2.770000e-01 3.608697e-03
2.780000e-01 3.599003e-03
2.790000e-01 3.589201e-03
2.800000e-01 3.579290e-03
2.810000e-01 3.569271e-03
2.820000e-01 3.559146e-03
2.830000e-01 3.548913e-03
2.840000e-01 3.538575e-03
2.850000e-01 3.528132e-03
2.860000e-01 3.517583e-03
2.870000e-01 3.506931e-03
2.880000e-01 3.496175e-03
2.890000e-01 3.485315e-03
2.900000e-01 3.474353e-03
2.910000e-01 3.463290e-03
2.920000e-01 3.452125e-03
2.930000e-01 3.440859e-03
2.940000e-01 3.429492e-03
2.950000e-01 3.418027e-03
2.960000e-01 3.406462e-03
2.970000e-01 3.394798e-03
2.980000e-01 3.383037e-03
2.990000e-01 3.371178e-03
3.000000e-01 3.359222e-03
3.010000e-01 3.347171e-03
3.020000e-01 3.335023e-03
3.030000e-01 3.322781e-03
3.040000e-01 3.310443e-03
3.050000e-01 3.298012e-03
3.060000e-01 3.285488e-03
3.070000e-01 3.272870e-03
3.080000e-01 3.260161e-03
3.090000e-01 3.247359e-03
3.100000e-01 3.234467e-03
3.110000e-01 3.221484e-03
3.120000e-01 3.208411e-03
3.130000e-01 3.195248e-03
3.140000e-01 3.181997e-03
3.150000e-01 3.168657e-03
3.160000e-01 3.155230e-03
3.170000e-01 3.141716e-03
3.180000e-01 3.128114e-03
3.190000e-01 3.114427e-03
3.200000e-01 3.100654e-03
3.210000e-01 3.086797e-03
3.220000e-01 3.072855e-03
3.230000e-01 3.058829e-03
3.240000e-01 3.044720e-03
3.250000e-01 3.030528e-03
3.260000e-01 3.016255e-03
3.270000e-01 3.001899e-03
3.280000e-01 2.987463e-03
3.290000e-01 2.972946e-03
3.300000e-01 2.958350e-03
3.310000e-01 2.943674e-03
3.320000e-01 2.928919e-03
3.330000e-01 2.914087e-03
3.340000e-01 2.899176e-03
3.350000e-01 2.884189e-03
3.360000e-01 2.869125e-03
3.370000e-01 2.853985e-03
3.380000e-01 2.838770e-03
3.390000e-01 2.823479e-03
3.400000e-01 2.808115e-03
3.410000e-01 2.792677e-03
3.420000e-01 2.777166e-03
3.430000e-01 2.761582e-03
3.440000e-01 2.745926e-03
3.450000e-01 2.730199e-03
3.460000e-01 2.714400e-03
3.470000e-01 2.698532e-03
3.480000e-01 2.682593e-03
3.490000e-01 2.666586e-03
3.500000e-01 2.650509e-03
3.510000e-01 2.634365e-03
3.520000e-01 2.618153e-03
3.530000e-01 2.601874e-03
3.540000e-01 2.585528e-03
3.550000e-01 2.569116e-03
3.560000e-01 2.552639e-03
3.570000e-01 2.536098e-03
3.580000e-01 2.519492e-03
3.590000e-01 2.502822e-03
3.600000e-01 2.486089e-03
3.610000e-01 2.469294e-03
3.620000e-01 2.452436e-03
3.630000e-01 2.435517e-03
3.640000e-01 2.418537e-03
3.650000e-01 2.401496e-03
3.660000e-01 2.384396e-03
3.670000e-01 2.367237e-03
3.680000e-01 2.350018e-03
3.690000e-01 2.332742e-03
3.700000e-01 2.315407e-03
3.710000e-01 2.298016e-03
3.720000e-01 2.280568e-03
3.730000e-01 2.263064e-03
3.740000e-01 2.245505e-03
3.750000e-01 2.227891e-03
3.760000e-01 2.210222e-03
3.770000e-01 2.192499e-03
3.780000e-01 2.174724e-03
3.790000e-01 2.156895e-03
3.800000e-01 2.139014e-03
3.810000e-01 2.121082e-03
3.820000e-01 2.103099e-03
3.830000e-01 2.085065e-03
3.840000e-01 2.066981e-03
3.850000e-01 2.048847e-03
3.860000e-01 2.030665e-03
3.870000e-01 2.012434e-03
3.880000e-01 1.994155e-03
3.890000e-01 1.975830e-03
3.900000e-01 1.957457e-03
3.910000e-01 1.939038e-03
3.920000e-01 1.920574e-03
3.930000e-01 1.902064e-03
3.940000e-01 1.883510e-03
3.950000e-01 1.864911e-03
3.960000e-01 1.846270e-03
3.970000e-01 1.827585e-03
3.980000e-01 1.808858e-03
3.990000e-01 1.790089e-03
4.000000e-01 1.771279e-03
4.010000e-01 1.752427e-03
4.020000e-01 1.733536e-03
4.030000e-01 1.714605e-03
4.040000e-01 1.695634e-03
4.050000e-01 1.676625e-03
4.060000e-01 1.657578e-03
4.070000e-01 1.638494e-03
4.080000e-01 1.619372e-03
4.090000e-01 1.600214e-03
4.100000e-01 1.581019e-03
4.110000e-01 1.561790e-03
4.120000e-01 1.542525e-03
4.130000e-01 1.523226e-03
4.140000e-01 1.503894e-03
4.150000e-01 1.484527e-03
4.160000e-01 1.465129e-03
4.170000e-01 1.445698e-03
4.180000e-01 1.426235e-03
4.190000e-01 1.406741e-03
4.200000e-01 1.387216e-03
4.210000e-01 1.367662e-03
4.220000e-01 1.348077e-03
4.230000e-01 1.328464e-03
4.240000e-01 1.308822e-03
4.250000e-01 1.289152e-03
4.260000e-01 1.269455e-03
4.270000e-01 1.249731e-03
4.280000e-01 1.229980e-03
4.290000e-01 1.210204e-03
4.300000e-01 1.190402e-03
4.310000e-01 1.170575e-03
4.320000e-01 1.150725e-03
4.330000e-01 1.130850e-03
4.340000e-01 1.110952e-03
4.350000e-01 1.091031e-03
4.360000e-01 1.071089e-03
4.370000e-01 1.051124e-03
4.380000e-01 1.031139e-03
4.390000e-01 1.011133e-03
4.400000e-01 9.911063e-04
4.410000e-01 9.710605e-04
4.420000e-01 9.509956e-04
4.430000e-01 9.309123e-04
4.440000e-01 9.108110e-04
4.450000e-01 8.906922e-04
4.460000e-01 8.705564e-04
4.470000e-01 8.504043e-04
4.480000e-01 8.302362e-04
4.490000e-01 8.100528e-04
4.500000e-01 7.898545e-04
4.510000e-01 7.696418e-04
4.520000e-01 7.494154e-04
4.530000e-01 7.291756e-04
4.540000e-01 7.089231e-04
4.550000e-01 6.886583e-04
4.560000e-01 6.683817e-04
4.570000e-01 6.480939e-04
4.580000e-01 6.277954e-04
4.590000e-01 6.074868e-04
4.600000e-01 5.871684e-04
4.610000e-01 5.668409e-04
4.620000e-01 5.465047e-04
4.630000e-01 5.261604e-04
4.640000e-01 5.058085e-04
4.650000e-01 4.854495e-04
4.660000e-01 4.650839e-04
4.670000e-01 4.447122e-04
4.680000e-01 4.243350e-04
4.690000e-01 4.039527e-04
4.700000e-01 3.835659e-04
4.710000e-01 3.631751e-04
4.720000e-01 3.427807e-04
4.730000e-01 3.223833e-04
4.740000e-01 3.019835e-04
4.750000e-01 2.815817e-04
4.760000e-01 2.611784e-04
4.770000e-01 2.407741e-04
4.780000e-01 2.203694e-04
4.790000e-01 1.999648e-04
4.800000e-01 1.795607e-04
4.810000e-01 1.591577e-04
4.820000e-01 1.387562e-04
4.830000e-01 1.183569e-04
4.840000e-01 9.796011e-05
4.850000e-01 7.756645e-05
4.860000e-01 5.717640e-05
4.870000e-01 3.679045e-05
4.880000e-01 1.640912e-05
4.890000e-01 3.967089e-06
4.900000e-01 2.433768e-05
4.910000e-01 4.470214e-05
4.920000e-01 6.505998e-05
4.930000e-01 8.541068e-05
4.940000e-01 1.057538e-04
4.950000e-01 1.260887e-04
4.960000e-01 1.464150e-04
4.970000e-01 1.667321e-04
4.980000e-01 1.870397e-04
4.990000e-01 2.073371e-04
5.000000e-01 2.276238e-04
5.010000e-01 2.478994e-04
5.020000e-01 2.681634e-04
5.030000e-01 2.884152e-04
5.040000e-01 3.086545e-04
5.050000e-01 3.288805e-04
5.060000e-01 3.490930e-04
5.070000e-01 3.692914e-04
5.080000e-01 3.894751e-04
5.090000e-01 4.096437e-04
5.100000e-01 4.297967e-04
5.110000e-01 4.499336e-04
5.120000e-01 4.700539e-04
5.130000e-01 4.901571e-04
5.140000e-01 5.102428e-04
5.150000e-01 5.303103e-04
5.160000e-01 5.503593e-04
5.170000e-01 5.703893e-04
5.180000e-01 5.903996e-04
5.190000e-01 6.103900e-04
5.200000e-01 6.303598e-04
5.210000e-01 6.503086e-04
5.220000e-01 6.702358e-04
5.230000e-01 6.901411e-04
5.240000e-01 7.100239e-04
5.250000e-01 7.298837e-04
5.260000e-01 7.497201e-04
5.270000e-01 7.695324e-04
5.280000e-01 7.893204e-04
5.290000e-01 8.090834e-04
5.300000e-01 8.288210e-04
5.310000e-01 8.485327e-04
5.320000e-01 8.682181e-04
5.330000e-01 8.878765e-04
5.340000e-01 9.075077e-04
5.350000e-01 9.271109e-04
5.360000e-01 9.466859e-04
5.370000e-01 9.662321e-04
5.380000e-01 9.857490e-04
5.390000e-01 1.005236e-03
5.400000e-01 1.024693e-03
5.410000e-01 1.044119e-03
5.420000e-01 1.063514e-03
5.430000e-01 1.082877e-03
5.440000e-01 1.102208e-03
5.450000e-01 1.121507e-03
5.460000e-01 1.140772e-03
5.470000e-01 1.160004e-03
5.480000e-01 1.179202e-03
5.490000e-01 1.198365e-03
5.500000e-01 1.217493e-03
5.510000e-01 1.236586e-03
5.520000e-01 1.255642e-03
5.530000e-01 1.274662e-03
5.540000e-01 1.293646e-03
5.550000e-01 1.312591e-03
5.560000e-01 1.331499e-03
5.570000e-01 1.350369e-03
5.580000e-01 1.369200e-03
5.590000e-01 1.387991e-03
5.600000e-01 1.406743e-03
5.610000e-01 1.425455e-03
5.620000e-01 1.444126e-03
5.630000e-01 1.462755e-03
5.640000e-01 1.481343e-03
5.650000e-01 1.499889e-03
5.660000e-01 1.518392e-03
5.670000e-01 1.536853e-03
5.680000e-01 1.555269e-03
5.690000e-01 1.573642e-03
5.700000e-01 1.591971e-03
5.710000e-01 1.610254e-03
5.720000e-01 1.628492e-03
5.730000e-01 1.646684e-03
5.740000e-01 1.664830e-03
5.750000e-01 1.682929e-03
5.760000e-01 1.700981e-03
5.770000e-01 1.718985e-03
5.780000e-01 1.736941e-03
5.790000e-01 1.754849e-03
5.800000e-01 1.772707e-03
5.810000e-01 1.790516e-03
5.820000e-01 1.808275e-03
5.830000e-01 1.825983e-03
5.840000e-01 1.843641e-03
5.850000e-01 1.861247e-03
5.860000e-01 1.878801e-03
5.870000e-01 1.896303e-03
5.880000e-01 1.913752e-03
5.890000e-01 1.931148e-03
5.900000e-01 1.948490e-03
5.910000e-01 1.965779e-03
5.920000e-01 1.983012e-03
5.930000e-01 2.000191e-03
5.940000e-01 2.017314e-03
5.950000e-01 2.034381e-03
5.960000e-01 2.051392e-03
5.970000e-01 2.068346e-03
5.980000e-01 2.085243e-03
5.990000e-01 2.102082e-03
6.000000e-01 2.118862e-03
6.010000e-01 2.135584e-03
6.020000e-01 2.152248e-03
6.030000e-01 2.168851e-03
6.040000e-01 2.185395e-03
6.050000e-01 2.201878e-03
6.060000e-01 2.218300e-03
6.070000e-01 2.234661e-03
6.080000e-01 2.250960e-03
6.090000e-01 2.267197e-03
6.100000e-01 2.283371e-03
6.110000e-01 2.299482e-03
6.120000e-01 2.315530e-03
6.130000e-01 2.331513e-03
6.140000e-01 2.347432e-03
6.150000e-01 2.363287e-03
6.160000e-01 2.379075e-03
6.170000e-01 2.394799e-03
6.180000e-01 2.410456e-03
6.190000e-01 2.426046e-03
6.200000e-01 2.441569e-03
6.210000e-01 2.457025e-03
6.220000e-01 2.472413e-03
6.230000e-01 2.487732e-03
6.240000e-01 2.502983e-03
6.250000e-01 2.518164e-03
6.260000e-01 2.533275e-03
6.270000e-01 2.548317e-03
6.280000e-01 2.563288e-03
6.290000e-01 2.578187e-03
6.300000e-01 2.593016e-03
6.310000e-01 2.607772e-03
6.320000e-01 2.622457e-03
6.330000e-01 2.637068e-03
6.340000e-01 2.651606e-03
6.350000e-01 2.666071e-03
6.360000e-01 2.680462e-03
6.370000e-01 2.694778e-03
6.380000e-01 2.709019e-03
6.390000e-01 2.723185e-03
6.400000e-01 2.737275e-03
6.410000e-01 2.751289e-03
6.420000e-01 2.765227e-03
6.430000e-01 2.779087e-03
6.440000e-01 2.792870e-03
6.450000e-01 2.806575e-03
6.460000e-01 2.820202e-03
6.470000e-01 2.833750e-03
6.480000e-01 2.847219e-03
6.490000e-01 2.860608e-03
6.500000e-01 2.873917e-03
6.510000e-01 2.887146e-03
6.520000e-01 2.900294e-03
6.530000e-01 2.913361e-03
6.540000e-01 2.926346e-03
6.550000e-01 2.939249e-03
6.560000e-01 2.952069e-03
6.570000e-01 2.964807e-03
6.580000e-01 2.977461e-03
6.590000e-01 2.990031e-03
6.600000e-01 3.002517e-03
6.610000e-01 3.014919e-03
6.620000e-01 3.027236e-03
6.630000e-01 3.039467e-03
6.640000e-01 3.051612e-03
6.650000e-01 3.063671e-03
6.660000e-01 3.075644e-03
6.670000e-01 3.087529e-03
6.680000e-01 3.099327e-03
6.690000e-01 3.111036e-03
6.700000e-01 3.122658e-03
6.710000e-01 3.134191e-03
6.720000e-01 3.145635e-03
6.730000e-01 3.156989e-03
6.740000e-01 3.168253e-03
6.750000e-01 3.179427e-03
6.760000e-01 3.190510e-03
6.770000e-01 3.201502e-03
6.780000e-01 3.212402e-03
6.790000e-01 3.223211e-03
6.800000e-01 3.233927e-03
6.810000e-01 3.244550e-03
6.820000e-01 3.255080e-03
6.830000e-01 3.265516e-03
6.840000e-01 3.275859e-03
6.850000e-01 3.286107e-03
6.860000e-01 3.296260e-03
6.870000e-01 3.306318e-03
6.880000e-01 3.316281e-03
6.890000e-01 3.326147e-03
6.900000e-01 3.335917e-03
6.910000e-01 3.345590e-03
6.920000e-01 3.355167e-03
6.930000e-01 3.364645e-03
6.940000e-01 3.374026e-03
6.950000e-01 3.383308e-03
6.960000e-01 3.392491e-03
6.970000e-01 3.401576e-03
6.980000e-01 3.410560e-03
6.990000e-01 3.419445e-03
7.000000e-01 3.428230e-03
7.010000e-01 3.436914e-03
7.020000e-01 3.445496e-03
7.030000e-01 3.453977e-03
7.040000e-01 3.462357e-03
7.050000e-01 3.470634e-03
7.060000e-01 3.478808e-03
7.070000e-01 3.486879e-03
7.080000e-01 3.494847e-03
7.090000e-01 3.502711e-03
7.100000e-01 3.510471e-03
7.110000e-01 3.518126e-03
7.120000e-01 3.525676e-03
7.130000e-01 3.533121e-03
7.140000e-01 3.540460e-03
7.150000e-01 3.547694e-03
7.160000e-01 3.554820e-03
7.170000e-01 3.561840e-03
7.180000e-01 3.568752e-03
7.190000e-01 3.575557e-03
7.200000e-01 3.582254e-03
7.210000e-01 3.588842e-03
7.220000e-01 3.595322e-03
7.230000e-01 3.601692e-03
7.240000e-01 3.607953e-03
7.250000e-01 3.614104e-03
7.260000e-01 3.620145e-03
7.270000e-01 3.626075e-03
7.280000e-01 3.631894e-03
7.290000e-01 3.637602e-03
7.300000e-01 3.643197e-03
7.310000e-01 3.648681e-03
7.320000e-01 3.654053e-03
7.330000e-01 3.659311e-03
7.340000e-01 3.664456e-03
7.350000e-01 3.669488e-03
7.360000e-01 3.674405e-03
7.370000e-01 3.679209e-03
7.380000e-01 3.683897e-03
7.390000e-01 3.688471e-03
7.400000e-01 3.692929e-03
7.410000e-01 3.697271e-03
7.420000e-01 3.701497e-03
7.430000e-01 3.705606e-03
7.440000e-01 3.709599e-03
7.450000e-01 3.713474e-03
7.460000e-01 3.717232e-03
7.470000e-01 3.720872e-03
7.480000e-01 3.724393e-03
7.490000e-01 3.727796e-03
7.500000e-01 3.731080e-03
7.510000e-01 3.734244e-03
7.520000e-01 3.737289e-03
7.530000e-01 3.740213e-03
7.540000e-01 3.743017e-03
7.550000e-01 3.745700e-03
7.560000e-01 3.748262e-03
7.570000e-01 3.750703e-03
7.580000e-01 3.753021e-03
7.590000e-01 3.755218e-03
7.600000e-01 3.757291e-03
7.610000e-01 3.759242e-03
7.620000e-01 3.761070e-03
7.630000e-01 3.762774e-03
7.640000e-01 3.764353e-03
7.650000e-01 3.765809e-03
7.660000e-01 3.767140e-03
7.670000e-01 3.768346e-03
7.680000e-01 3.769426e-03
7.690000e-01 3.770381e-03
7.700000e-01 3.771210e-03
7.710000e-01 3.771912e-03
7.720000e-01 3.772488e-03
7.730000e-01 3.772936e-03
7.740000e-01 3.773257e-03
7.750000e-01 3.773451e-03
7.760000e-01 3.773516e-03
7.770000e-01 3.773453e-03
7.780000e-01 3.773261e-03
7.790000e-01 3.772940e-03
7.800000e-01 3.772489e-03
7.810000e-01 3.771909e-03
7.820000e-01 3.771199e-03
7.830000e-01 3.770358e-03
7.840000e-01 3.769386e-03
7.850000e-01 3.768283e-03
7.860000e-01 3.767049e-03
7.870000e-01 3.765683e-03
7.880000e-01 3.764185e-03
7.890000e-01 3.762554e-03
7.900000e-01 3.760791e-03
7.910000e-01 3.758894e-03
7.920000e-01 3.756865e-03
7.930000e-01 3.754701e-03
7.940000e-01 3.752403e-03
7.950000e-01 3.749971e-03
7.960000e-01 3.747404e-03
7.970000e-01 3.744702e-03
7.980000e-01 3.741865e-03
7.990000e-01 3.738892e-03
8.000000e-01 3.735783e-03
8.010000e-01 3.732538e-03
8.020000e-01 3.729156e-03
8.030000e-01 3.725637e-03
8.040000e-01 3.721981e-03
8.050000e-01 3.718187e-03
8.060000e-01 3.714255e-03
8.070000e-01 3.710185e-03
8.080000e-01 3.705976e-03
8.090000e-01 3.701629e-03
8.100000e-01 3.697142e-03
8.110000e-01 3.692516e-03
8.120000e-01 3.687750e-03
8.130000e-01 3.682844e-03
8.140000e-01 3.677797e-03
8.150000e-01 3.672610e-03
8.160000e-01 3.667281e-03
8.170000e-01 3.661812e-03
8.180000e-01 3.656200e-03
8.190000e-01 3.650447e-03
8.200000e-01 3.644551e-03
8.210000e-01 3.638513e-03
8.220000e-01 3.632331e-03
8.230000e-01 3.626007e-03
8.240000e-01 3.619539e-03
8.250000e-01 3.612927e-03
8.260000e-01 3.606172e-03
8.270000e-01 3.599271e-03
8.280000e-01 3.592227e-03
8.290000e-01 3.585037e-03
8.300000e-01 3.577701e-03
8.310000e-01 3.570221e-03
8.320000e-01 3.562594e-03
8.330000e-01 3.554821e-03
8.340000e-01 3.546901e-03
8.350000e-01 3.538835e-03
8.360000e-01 3.530622e-03
8.370000e-01 3.522261e-03
8.380000e-01 3.513753e-03
8.390000e-01 3.505097e-03
8.400000e-01 3.496292e-03
8.410000e-01 3.487339e-03
8.420000e-01 3.478237e-03
8.430000e-01 3.468986e-03
8.440000e-01 3.459586e-03
8.450000e-01 3.450036e-03
8.460000e-01 3.440336e-03
8.470000e-01 3.430485e-03
8.480000e-01 3.420484e-03
8.490000e-01 3.410333e-03
8.500000e-01 3.400030e-03
8.510000e-01 3.389576e-03
8.520000e-01 3.378970e-03
8.530000e-01 3.368212e-03
8.540000e-01 3.357302e-03
8.550000e-01 3.346240e-03
8.560000e-01 3.335024e-03
8.570000e-01 3.323656e-03
8.580000e-01 3.312134e-03
8.590000e-01 3.300459e-03
8.600000e-01 3.288630e-03
8.610000e-01 3.276647e-03
8.620000e-01 3.264509e-03
8.630000e-01 3.252216e-03
8.640000e-01 3.239769e-03
8.650000e-01 3.227166e-03
8.660000e-01 3.214408e-03
8.670000e-01 3.201494e-03
8.680000e-01 3.188424e-03
8.690000e-01 3.175198e-03
8.700000e-01 3.161815e-03
8.710000e-01 3.148275e-03
8.720000e-01 3.134579e-03
8.730000e-01 3.120724e-03
8.740000e-01 3.106713e-03
8.750000e-01 3.092543e-03
8.760000e-01 3.078215e-03
8.770000e-01 3.063729e-03
8.780000e-01 3.049084e-03
8.790000e-01 3.034280e-03
8.800000e-01 3.019317e-03
8.810000e-01 3.004194e-03
8.820000e-01 2.988912e-03
8.830000e-01 2.973470e-03
8.840000e-01 2.957867e-03
8.850000e-01 2.942104e-03
8.860000e-01 2.926181e-03
8.870000e-01 2.910096e-03
8.880000e-01 2.893851e-03
8.890000e-01 2.877443e-03
8.900000e-01 2.860874e-03
8.910000e-01 2.844143e-03
8.920000e-01 2.827250e-03
8.930000e-01 2.810195e-03
8.940000e-01 2.792976e-03
8.950000e-01 2.775595e-03
8.960000e-01 2.758051e-03
8.970000e-01 2.740343e-03
8.980000e-01 2.722471e-03
8.990000e-01 2.704436e-03
9.000000e-01 2.686236e-03
9.010000e-01 2.667872e-03
9.020000e-01 2.649344e-03
9.030000e-01 2.630650e-03
9.040000e-01 2.611791e-03
9.050000e-01 2.592768e-03
9.060000e-01 2.573578e-03
9.070000e-01 2.554223e-03
9.080000e-01 2.534701e-03
9.090000e-01 2.515013e-03
9.100000e-01 2.495159e-03
9.110000e-01 2.475138e-03
9.120000e-01 2.454950e-03
9.130000e-01 2.434595e-03
9.140000e-01 2.414073e-03
9.150000e-01 2.393382e-03
9.160000e-01 2.372524e-03
9.170000e-01 2.351498e-03
9.180000e-01 2.330304e-03
9.190000e-01 2.308941e-03
9.200000e-01 2.287409e-03
9.210000e-01 2.265708e-03
9.220000e-01 2.243838e-03
9.230000e-01 2.221798e-03
9.240000e-01 2.199589e-03
9.250000e-01 2.177210e-03
9.260000e-01 2.154661e-03
9.270000e-01 2.131941e-03
9.280000e-01 2.109051e-03
9.290000e-01 2.085991e-03
9.300000e-01 2.062759e-03
9.310000e-01 2.039356e-03
9.320000e-01 2.015782e-03
9.330000e-01 1.992036e-03
9.340000e-01 1.968119e-03
9.350000e-01 1.944029e-03
9.360000e-01 1.919767e-03
9.370000e-01 1.895333e-03
9.380000e-01 1.870726e-03
9.390000e-01 1.845946e-03
9.400000e-01 1.820994e-03
9.410000e-01 1.795868e-03
9.420000e-01 1.770568e-03
9.430000e-01 1.745095e-03
9.440000e-01 1.719448e-03
9.450000e-01 1.693627e-03
9.460000e-01 1.667632e-03
9.470000e-01 1.641462e-03
9.480000e-01 1.615118e-03
9.490000e-01 1.588599e-03
9.500000e-01 1.561905e-03
9.510000e-01 1.535036e-03
9.520000e-01 1.507991e-03
9.530000e-01 1.480770e-03
9.540000e-01 1.453374e-03
9.550000e-01 1.425802e-03
9.560000e-01 1.398054e-03
9.570000e-01 1.370129e-03
9.580000e-01 1.342028e-03
9.590000e-01 1.313749e-03
9.600000e-01 1.285294e-03
9.610000e-01 1.256662e-03
9.620000e-01 1.227853e-03
9.630000e-01 1.198866e-03
9.640000e-01 1.169702e-03
9.650000e-01 1.140359e-03
9.660000e-01 1.110839e-03
9.670000e-01 1.081140e-03
9.680000e-01 1.051263e-03
9.690000e-01 1.021208e-03
9.700000e-01 9.909735e-04
9.710000e-01 9.605603e-04
9.720000e-01 9.299680e-04
9.730000e-01 8.991965e-04
9.740000e-01 8.682456e-04
9.750000e-01 8.371150e-04
9.760000e-01 8.058047e-04
9.770000e-01 7.743144e-04
9.780000e-01 7.426441e-04
9.790000e-01 7.107934e-04
9.800000e-01 6.787623e-04
9.810000e-01 6.465506e-04
9.820000e-01 6.141582e-04
9.830000e-01 5.815848e-04
9.840000e-01 5.488303e-04
9.850000e-01 5.158945e-04
9.860000e-01 4.827773e-04
9.870000e-01 4.494786e-04
9.880000e-01 4.159981e-04
9.890000e-01 3.823357e-04
9.900000e-01 3.484912e-04
9.910000e-01 3.144646e-04
9.920000e-01 2.802555e-04
9.930000e-01 2.458640e-04
9.940000e-01 2.112898e-04
9.950000e-01 1.765328e-04
9.960000e-01 1.415927e-04
9.970000e-01 1.064696e-04
9.980000e-01 7.116321e-05
9.990000e-01 3.567339e-05
