0.000000e+00 0.000000e+00
1.000000e-03 1.568551e-04
2.000000e-03 3.137084e-04
3.000000e-03 4.705581e-04
4.000000e-03 6.274021e-04
5.000000e-03 7.842389e-04
6.000000e-03 9.410664e-04
7.000000e-03 1.097883e-03
8.000000e-03 1.254686e-03
9.000000e-03 1.411475e-03
1.000000e-02 1.568247e-03
1.100000e-02 1.725001e-03
1.200000e-02 1.881735e-03
1.300000e-02 2.038446e-03
1.400000e-02 2.195134e-03
1.500000e-02 2.351796e-03
1.600000e-02 2.508430e-03
1.700000e-02 2.665035e-03
1.800000e-02 2.821608e-03
1.900000e-02 2.978149e-03
2.000000e-02 3.134655e-03
2.100000e-02 3.291124e-03
2.200000e-02 3.447554e-03
2.300000e-02 3.603944e-03
2.400000e-02 3.760292e-03
2.500000e-02 3.916596e-03
2.600000e-02 4.072854e-03
2.700000e-02 4.229065e-03
2.800000e-02 4.385226e-03
2.900000e-02 4.541336e-03
3.000000e-02 4.697393e-03
3.100000e-02 4.853395e-03
3.200000e-02 5.009341e-03
3.300000e-02 5.165228e-03
3.400000e-02 5.321055e-03
3.500000e-02 5.476821e-03
3.600000e-02 5.632522e-03
3.700000e-02 5.788159e-03
3.800000e-02 5.943728e-03
3.900000e-02 6.099228e-03
4.000000e-02 6.254657e-03
4.100000e-02 6.410014e-03
4.200000e-02 6.565296e-03
4.300000e-02 6.720503e-03
4.400000e-02 6.875631e-03
4.500000e-02 7.030681e-03
4.600000e-02 7.185649e-03
4.700000e-02 7.340534e-03
4.800000e-02 7.495335e-03
4.900000e-02 7.650049e-03
5.000000e-02 7.804675e-03
5.100000e-02 7.959212e-03
5.200000e-02 8.113657e-03
5.300000e-02 8.268009e-03
5.400000e-02 8.422266e-03
5.500000e-02 8.576426e-03
5.600000e-02 8.730488e-03
5.700000e-02 8.884451e-03
5.800000e-02 9.038312e-03
5.900000e-02 9.192069e-03
6.000000e-02 9.345722e-03
6.100000e-02 9.499269e-03
6.200000e-02 9.652707e-03
6.300000e-02 9.806036e-03
6.400000e-02 9.959253e-03
6.500000e-02 1.011236e-02
6.600000e-02 1.026535e-02
6.700000e-02 1.041822e-02
6.800000e-02 1.057098e-02
6.900000e-02 1.072361e-02
7.000000e-02 1.087613e-02
7.100000e-02 1.102852e-02
7.200000e-02 1.118079e-02
7.300000e-02 1.133293e-02
7.400000e-02 1.148495e-02
7.500000e-02 1.163683e-02
7.600000e-02 1.178859e-02
7.700000e-02 1.194022e-02
7.800000e-02 1.209171e-02
7.900000e-02 1.224307e-02
8.000000e-02 1.239429e-02
8.100000e-02 1.254537e-02
8.200000e-02 1.269631e-02
8.300000e-02 1.284711e-02
8.400000e-02 1.299777e-02
8.500000e-02 1.314829e-02
8.600000e-02 1.329866e-02
8.700000e-02 1.344889e-02
8.800000e-02 1.359896e-02
8.900000e-02 1.374889e-02
9.000000e-02 1.389867e-02
9.100000e-02 1.404829e-02
9.200000e-02 1.419776e-02
9.300000e-02 1.434707e-02
9.400000e-02 1.449623e-02
9.500000e-02 1.464523e-02
9.600000e-02 1.479408e-02
9.700000e-02 1.494276e-02
9.800000e-02 1.509127e-02
9.900000e-02 1.523963e-02
1.000000e-01 1.538782e-02
1.010000e-01 1.553585e-02
1.020000e-01 1.568370e-02
1.030000e-01 1.583139e-02
1.040000e-01 1.597891e-02
1.050000e-01 1.612626e-02
1.060000e-01 1.627344e-02
1.070000e-01 1.642044e-02
1.080000e-01 1.656727e-02
1.090000e-01 1.671392e-02
1.100000e-01 1.686039e-02
1.110000e-01 1.700669e-02
1.120000e-01 1.715280e-02
1.130000e-01 1.729874e-02
1.140000e-01 1.744449e-02
1.150000e-01 1.759006e-02
1.160000e-01 1.773544e-02
1.170000e-01 1.788064e-02
1.180000e-01 1.802566e-02
1.190000e-01 1.817048e-02
1.200000e-01 1.831512e-02
1.210000e-01 1.845956e-02
1.220000e-01 1.860382e-02
1.230000e-01 1.874788e-02
1.240000e-01 1.889175e-02
1.250000e-01 1.903542e-02
1.260000e-01 1.917890e-02
1.270000e-01 1.932218e-02
1.280000e-01 1.946526e-02
1.290000e-01 1.960815e-02
1.300000e-01 1.975084e-02
1.310000e-01 1.989332e-02
1.320000e-01 2.003560e-02
1.330000e-01 2.017768e-02
1.340000e-01 2.031956e-02
1.350000e-01 2.046123e-02
1.360000e-01 2.060270e-02
1.370000e-01 2.074396e-02
1.380000e-01 2.088501e-02
1.390000e-01 2.102586e-02
1.400000e-01 2.116649e-02
1.410000e-01 2.130692e-02
1.420000e-01 2.144713e-02
1.430000e-01 2.158713e-02
1.440000e-01 2.172692e-02
1.450000e-01 2.186650e-02
1.460000e-01 2.200586e-02
1.470000e-01 2.214500e-02
1.480000e-01 2.228393e-02
1.490000e-01 2.242265e-02
1.500000e-01 2.256114e-02
1.510000e-01 2.269942e-02
1.520000e-01 2.283748e-02
1.530000e-01 2.297531e-02
1.540000e-01 2.311293e-02
1.550000e-01 2.325032e-02
1.560000e-01 2.338750e-02
1.570000e-01 2.352444e-02
1.580000e-01 2.366117e-02
1.590000e-01 2.379767e-02
1.600000e-01 2.393395e-02
1.610000e-01 2.407000e-02
1.620000e-01 2.420582e-02
1.630000e-01 2.434142e-02
1.640000e-01 2.447679e-02
1.650000e-01 2.461193e-02
1.660000e-01 2.474684e-02
1.670000e-01 2.488152e-02
1.680000e-01 2.501597e-02
1.690000e-01 2.515019e-02
1.700000e-01 2.528418e-02
1.710000e-01 2.541794e-02
1.720000e-01 2.555147e-02
1.730000e-01 2.568476e-02
1.740000e-01 2.581782e-02
1.750000e-01 2.595064e-02
1.760000e-01 2.608323e-02
1.770000e-01 2.621558e-02
1.780000e-01 2.634770e-02
1.790000e-01 2.647959e-02
1.800000e-01 2.661123e-02
1.810000e-01 2.674264e-02
1.820000e-01 2.687381e-02
1.830000e-01 2.700475e-02
1.840000e-01 2.713544e-02
1.850000e-01 2.726590e-02
1.860000e-01 2.739612e-02
1.870000e-01 2.752610e-02
1.880000e-01 2.765583e-02
1.890000e-01 2.778533e-02
1.900000e-01 2.791459e-02
1.910000e-01 2.804360e-02
1.920000e-01 2.817238e-02
1.930000e-01 2.830091e-02
1.940000e-01 2.842920e-02
1.950000e-01 2.855725e-02
1.960000e-01 2.868506e-02
1.970000e-01 2.881262e-02
1.980000e-01 2.893994e-02
1.990000e-01 2.906701e-02
2.000000e-01 2.919385e-02
2.010000e-01 2.932043e-02
2.020000e-01 2.944678e-02
2.030000e-01 2.957288e-02
2.040000e-01 2.969873e-02
2.050000e-01 2.982434e-02
2.060000e-01 2.994970e-02
2.070000e-01 3.007482e-02
2.080000e-01 3.019970e-02
2.090000e-01 3.032432e-02
2.100000e-01 3.044870e-02
2.110000e-01 3.057284e-02
2.120000e-01 3.069673e-02
2.130000e-01 3.082037e-02
2.140000e-01 3.094376e-02
2.150000e-01 3.106691e-02
2.160000e-01 3.118981e-02
2.170000e-01 3.131247e-02
2.180000e-01 3.143488e-02
2.190000e-01 3.155704e-02
2.200000e-01 3.167895e-02
2.210000e-01 3.180062e-02
2.220000e-01 3.192203e-02
2.230000e-01 3.204320e-02
2.240000e-01 3.216413e-02
2.250000e-01 3.228480e-02
2.260000e-01 3.240523e-02
2.270000e-01 3.252541e-02
2.280000e-01 3.264534e-02
2.290000e-01 3.276503e-02
2.300000e-01 3.288446e-02
2.310000e-01 3.300365e-02
2.320000e-01 3.312259e-02
2.330000e-01 3.324128e-02
2.340000e-01 3.335973e-02
2.350000e-01 3.347793e-02
2.360000e-01 3.359588e-02
2.370000e-01 3.371358e-02
2.380000e-01 3.383103e-02
2.390000e-01 3.394824e-02
2.400000e-01 3.406520e-02
2.410000e-01 3.418191e-02
2.420000e-01 3.429837e-02
2.430000e-01 3.441459e-02
2.440000e-01 3.453056e-02
2.450000e-01 3.464628e-02
2.460000e-01 3.476175e-02
2.470000e-01 3.487698e-02
2.480000e-01 3.499196e-02
2.490000e-01 3.510669e-02
2.500000e-01 3.522118e-02
2.510000e-01 3.533542e-02
2.520000e-01 3.544941e-02
2.530000e-01 3.556316e-02
2.540000e-01 3.567666e-02
2.550000e-01 3.578992e-02
2.560000e-01 3.590293e-02
2.570000e-01 3.601569e-02
2.580000e-01 3.612820e-02
2.590000e-01 3.624048e-02
2.600000e-01 3.635250e-02
2.610000e-01 3.646428e-02
2.620000e-01 3.657582e-02
2.630000e-01 3.668711e-02
2.640000e-01 3.679815e-02
2.650000e-01 3.690895e-02
2.660000e-01 3.701951e-02
2.670000e-01 3.712982e-02
2.680000e-01 3.723989e-02
2.690000e-01 3.734971e-02
2.700000e-01 3.745929e-02
2.710000e-01 3.756863e-02
2.720000e-01 3.767772e-02
2.730000e-01 3.778657e-02
2.740000e-01 3.789518e-02
2.750000e-01 3.800355e-02
2.760000e-01 3.811167e-02
2.770000e-01 3.821955e-02
2.780000e-01 3.832718e-02
2.790000e-01 3.843458e-02
2.800000e-01 3.854173e-02
2.810000e-01 3.864865e-02
2.820000e-01 3.875532e-02
2.830000e-01 3.886175e-02
2.840000e-01 3.896794e-02
2.850000e-01 3.907388e-02
2.860000e-01 3.917959e-02
2.870000e-01 3.928506e-02
2.880000e-01 3.939029e-02
2.890000e-01 3.949527e-02
2.900000e-01 3.960002e-02
2.910000e-01 3.970453e-02
2.920000e-01 3.980880e-02
2.930000e-01 3.991283e-02
2.940000e-01 4.001662e-02
2.950000e-01 4.012017e-02
2.960000e-01 4.022349e-02
2.970000e-01 4.032656e-02
2.980000e-01 4.042940e-02
2.990000e-01 4.053200e-02
3.000000e-01 4.063437e-02
3.010000e-01 4.073649e-02
3.020000e-01 4.083838e-02
3.030000e-01 4.094004e-02
3.040000e-01 4.104145e-02
3.050000e-01 4.114263e-02
3.060000e-01 4.124357e-02
3.070000e-01 4.134428e-02
3.080000e-01 4.144475e-02
3.090000e-01 4.154499e-02
3.100000e-01 4.164499e-02
3.110000e-01 4.174475e-02
3.120000e-01 4.184428e-02
3.130000e-01 4.194358e-02
3.140000e-01 4.204264e-02
3.150000e-01 4.214147e-02
3.160000e-01 4.224006e-02
3.170000e-01 4.233842e-02
3.180000e-01 4.243654e-02
3.190000e-01 4.253443e-02
3.200000e-01 4.263209e-02
3.210000e-01 4.272951e-02
3.220000e-01 4.282670e-02
3.230000e-01 4.292365e-02
3.240000e-01 4.302038e-02
3.250000e-01 4.311687e-02
3.260000e-01 4.321313e-02
3.270000e-01 4.330915e-02
3.280000e-01 4.340494e-02
3.290000e-01 4.350050e-02
3.300000e-01 4.359583e-02
3.310000e-01 4.369093e-02
3.320000e-01 4.378579e-02
3.330000e-01 4.388042e-02
3.340000e-01 4.397482e-02
3.350000e-01 4.406899e-02
3.360000e-01 4.416293e-02
3.370000e-01 4.425664e-02
3.380000e-01 4.435011e-02
3.390000e-01 4.444335e-02
3.400000e-01 4.453636e-02
3.410000e-01 4.462914e-02
3.420000e-01 4.472169e-02
3.430000e-01 4.481401e-02
3.440000e-01 4.490610e-02
3.450000e-01 4.499795e-02
3.460000e-01 4.508958e-02
3.470000e-01 4.518097e-02
3.480000e-01 4.527213e-02
3.490000e-01 4.536307e-02
3.500000e-01 4.545377e-02
3.510000e-01 4.554424e-02
3.520000e-01 4.563447e-02
3.530000e-01 4.572448e-02
3.540000e-01 4.581426e-02
3.550000e-01 4.590380e-02
3.560000e-01 4.599311e-02
3.570000e-01 4.608220e-02
3.580000e-01 4.617105e-02
3.590000e-01 4.625967e-02
3.600000e-01 4.634805e-02
3.610000e-01 4.643621e-02
3.620000e-01 4.652414e-02
3.630000e-01 4.661183e-02
3.640000e-01 4.669929e-02
3.650000e-01 4.678652e-02
3.660000e-01 4.687351e-02
3.670000e-01 4.696028e-02
3.680000e-01 4.704681e-02
3.690000e-01 4.713311e-02
3.700000e-01 4.721917e-02
3.710000e-01 4.730500e-02
3.720000e-01 4.739060e-02
3.730000e-01 4.747597e-02
3.740000e-01 4.756110e-02
3.750000e-01 4.764600e-02
3.760000e-01 4.773066e-02
3.770000e-01 4.781509e-02
3.780000e-01 4.789928e-02
3.790000e-01 4.798324e-02
3.800000e-01 4.806697e-02
3.810000e-01 4.815046e-02
3.820000e-01 4.823371e-02
3.830000e-01 4.831672e-02
3.840000e-01 4.839950e-02
3.850000e-01 4.848205e-02
3.860000e-01 4.856435e-02
3.870000e-01 4.864642e-02
3.880000e-01 4.872825e-02
3.890000e-01 4.880984e-02
3.900000e-01 4.889119e-02
3.910000e-01 4.897231e-02
3.920000e-01 4.905318e-02
3.930000e-01 4.913382e-02
3.940000e-01 4.921421e-02
3.950000e-01 4.929436e-02
3.960000e-01 4.937427e-02
3.970000e-01 4.945394e-02
3.980000e-01 4.953337e-02
3.990000e-01 4.961255e-02
4.000000e-01 4.969150e-02
4.010000e-01 4.977019e-02
4.020000e-01 4.984864e-02
4.030000e-01 4.992685e-02
4.040000e-01 5.000481e-02
4.050000e-01 5.008253e-02
4.060000e-01 5.016000e-02
4.070000e-01 5.023722e-02
4.080000e-01 5.031419e-02
4.090000e-01 5.039092e-02
4.100000e-01 5.046739e-02
4.110000e-01 5.054362e-02
4.120000e-01 5.061959e-02
4.130000e-01 5.069531e-02
4.140000e-01 5.077078e-02
4.150000e-01 5.084600e-02
4.160000e-01 5.092097e-02
4.170000e-01 5.099568e-02
4.180000e-01 5.107013e-02
4.190000e-01 5.114433e-02
4.200000e-01 5.121828e-02
4.210000e-01 5.129196e-02
4.220000e-01 5.136539e-02
4.230000e-01 5.143856e-02
4.240000e-01 5.151147e-02
4.250000e-01 5.158412e-02
4.260000e-01 5.165650e-02
4.270000e-01 5.172863e-02
4.280000e-01 5.180049e-02
4.290000e-01 5.187208e-02
4.300000e-01 5.194342e-02
4.310000e-01 5.201448e-02
4.320000e-01 5.208528e-02
4.330000e-01 5.215581e-02
4.340000e-01 5.222607e-02
4.350000e-01 5.229606e-02
4.360000e-01 5.236578e-02
4.370000e-01 5.243523e-02
4.380000e-01 5.250440e-02
4.390000e-01 5.257330e-02
4.400000e-01 5.264193e-02
4.410000e-01 5.271028e-02
4.420000e-01 5.277835e-02
4.430000e-01 5.284614e-02
4.440000e-01 5.291365e-02
4.450000e-01 5.298089e-02
4.460000e-01 5.304784e-02
4.470000e-01 5.311450e-02
4.480000e-01 5.318089e-02
4.490000e-01 5.324698e-02
4.500000e-01 5.331279e-02
4.510000e-01 5.337832e-02
4.520000e-01 5.344355e-02
4.530000e-01 5.350849e-02
4.540000e-01 5.357314e-02
4.550000e-01 5.363750e-02
4.560000e-01 5.370156e-02
4.570000e-01 5.376533e-02
4.580000e-01 5.382880e-02
4.590000e-01 5.389197e-02
4.600000e-01 5.395484e-02
4.610000e-01 5.401741e-02
4.620000e-01 5.407968e-02
4.630000e-01 5.414165e-02
4.640000e-01 5.420331e-02
4.650000e-01 5.426466e-02
4.660000e-01 5.432570e-02
4.670000e-01 5.438644e-02
4.680000e-01 5.444686e-02
4.690000e-01 5.450697e-02
4.700000e-01 5.456676e-02
4.710000e-01 5.462624e-02
4.720000e-01 5.468541e-02
4.730000e-01 5.474425e-02
4.740000e-01 5.480277e-02
4.750000e-01 5.486097e-02
4.760000e-01 5.491885e-02
4.770000e-01 5.497640e-02
4.780000e-01 5.503363e-02
4.790000e-01 5.509053e-02
4.800000e-01 5.514709e-02
4.810000e-01 5.520333e-02
4.820000e-01 5.525923e-02
4.830000e-01 5.531479e-02
4.840000e-01 5.537002e-02
4.850000e-01 5.542491e-02
4.860000e-01 5.547946e-02
4.870000e-01 5.553367e-02
4.880000e-01 5.558753e-02
4.890000e-01 5.564105e-02
4.900000e-01 5.569422e-02
4.910000e-01 5.574704e-02
4.920000e-01 5.579951e-02
4.930000e-01 5.585163e-02
4.940000e-01 5.590339e-02
4.950000e-01 5.595479e-02
4.960000e-01 5.600584e-02
4.970000e-01 5.605653e-02
4.980000e-01 5.610685e-02
4.990000e-01 5.615681e-02
5.000000e-01 5.620640e-02
5.010000e-01 5.625563e-02
5.020000e-01 5.630448e-02
5.030000e-01 5.635296e-02
5.040000e-01 5.640107e-02
5.050000e-01 5.644880e-02
5.060000e-01 5.649616e-02
5.070000e-01 5.654313e-02
5.080000e-01 5.658972e-02
5.090000e-01 5.663593e-02
5.100000e-01 5.668175e-02
5.110000e-01 5.672718e-02
5.120000e-01 5.677223e-02
5.130000e-01 5.681688e-02
5.140000e-01 5.686113e-02
5.150000e-01 5.690499e-02
5.160000e-01 5.694845e-02
5.170000e-01 5.699151e-02
5.180000e-01 5.703416e-02
5.190000e-01 5.707641e-02
5.200000e-01 5.711826e-02
5.210000e-01 5.715969e-02
5.220000e-01 5.720071e-02
5.230000e-01 5.724132e-02
5.240000e-01 5.728151e-02
5.250000e-01 5.732128e-02
5.260000e-01 5.736063e-02
5.270000e-01 5.739956e-02
5.280000e-01 5.743806e-02
5.290000e-01 5.747614e-02
5.300000e-01 5.751378e-02
5.310000e-01 5.755100e-02
5.320000e-01 5.758777e-02
5.330000e-01 5.762412e-02
5.340000e-01 5.766002e-02
5.350000e-01 5.769548e-02
5.360000e-01 5.773050e-02
5.370000e-01 5.776507e-02
5.380000e-01 5.779919e-02
5.390000e-01 5.783287e-02
5.400000e-01 5.786609e-02
5.410000e-01 5.789885e-02
5.420000e-01 5.793116e-02
5.430000e-01 5.796300e-02
5.440000e-01 5.799438e-02
5.450000e-01 5.802530e-02
5.460000e-01 5.805575e-02
5.470000e-01 5.808573e-02
5.480000e-01 5.811524e-02
5.490000e-01 5.814427e-02
5.500000e-01 5.817282e-02
5.510000e-01 5.820090e-02
5.520000e-01 5.822849e-02
5.530000e-01 5.825560e-02
5.540000e-01 5.828222e-02
5.550000e-01 5.830835e-02
5.560000e-01 5.833399e-02
5.570000e-01 5.835913e-02
5.580000e-01 5.838378e-02
5.590000e-01 5.840792e-02
5.600000e-01 5.843157e-02
5.610000e-01 5.845470e-02
5.620000e-01 5.847734e-02
5.630000e-01 5.849946e-02
5.640000e-01 5.852107e-02
5.650000e-01 5.854216e-02
5.660000e-01 5.856274e-02
5.670000e-01 5.858279e-02
5.680000e-01 5.860232e-02
5.690000e-01 5.862133e-02
5.700000e-01 5.863981e-02
5.710000e-01 5.865776e-02
5.720000e-01 5.867518e-02
5.730000e-01 5.869206e-02
5.740000e-01 5.870840e-02
5.750000e-01 5.872420e-02
5.760000e-01 5.873946e-02
5.770000e-01 5.875417e-02
5.780000e-01 5.876833e-02
5.790000e-01 5.878195e-02
5.800000e-01 5.879500e-02
5.810000e-01 5.880751e-02
5.820000e-01 5.881945e-02
5.830000e-01 5.883083e-02
5.840000e-01 5.884165e-02
5.850000e-01 5.885189e-02
5.860000e-01 5.886157e-02
5.870000e-01 5.887068e-02
5.880000e-01 5.887922e-02
5.890000e-01 5.888717e-02
5.900000e-01 5.889455e-02
5.910000e-01 5.890134e-02
5.920000e-01 5.890755e-02
5.930000e-01 5.891317e-02
5.940000e-01 5.891820e-02
5.950000e-01 5.892263e-02
5.960000e-01 5.892647e-02
5.970000e-01 5.892971e-02
5.980000e-01 5.893235e-02
5.990000e-01 5.893439e-02
6.000000e-01 5.893582e-02
6.010000e-01 5.893664e-02
6.020000e-01 5.893685e-02
6.030000e-01 5.893645e-02
6.040000e-01 5.893543e-02
6.050000e-01 5.893379e-02
6.060000e-01 5.893153e-02
6.070000e-01 5.892864e-02
6.080000e-01 5.892513e-02
6.090000e-01 5.892098e-02
6.100000e-01 5.891621e-02
6.110000e-01 5.891080e-02
6.120000e-01 5.890475e-02
6.130000e-01 5.889806e-02
6.140000e-01 5.889073e-02
6.150000e-01 5.888276e-02
6.160000e-01 5.887413e-02
6.170000e-01 5.886486e-02
6.180000e-01 5.885493e-02
6.190000e-01 5.884435e-02
6.200000e-01 5.883311e-02
6.210000e-01 5.882120e-02
6.220000e-01 5.880864e-02
6.230000e-01 5.879541e-02
6.240000e-01 5.878151e-02
6.250000e-01 5.876694e-02
6.260000e-01 5.875170e-02
6.270000e-01 5.873578e-02
6.280000e-01 5.871918e-02
6.290000e-01 5.870190e-02
6.300000e-01 5.868394e-02
6.310000e-01 5.866530e-02
6.320000e-01 5.864596e-02
6.330000e-01 5.862594e-02
6.340000e-01 5.860522e-02
6.350000e-01 5.858380e-02
6.360000e-01 5.856169e-02
6.370000e-01 5.853888e-02
6.380000e-01 5.851536e-02
6.390000e-01 5.849114e-02
6.400000e-01 5.846622e-02
6.410000e-01 5.844058e-02
6.420000e-01 5.841423e-02
6.430000e-01 5.838716e-02
6.440000e-01 5.835938e-02
6.450000e-01 5.833088e-02
6.460000e-01 5.830165e-02
6.470000e-01 5.827170e-02
6.480000e-01 5.824103e-02
6.490000e-01 5.820962e-02
6.500000e-01 5.817749e-02
6.510000e-01 5.814462e-02
6.520000e-01 5.811102e-02
6.530000e-01 5.807668e-02
6.540000e-01 5.804159e-02
6.550000e-01 5.800577e-02
6.560000e-01 5.796920e-02
6.570000e-01 5.793189e-02
6.580000e-01 5.789382e-02
6.590000e-01 5.785501e-02
6.600000e-01 5.781544e-02
6.610000e-01 5.777511e-02
6.620000e-01 5.773403e-02
6.630000e-01 5.769219e-02
6.640000e-01 5.764958e-02
6.650000e-01 5.760622e-02
6.660000e-01 5.756208e-02
6.670000e-01 5.751718e-02
6.680000e-01 5.747151e-02
6.690000e-01 5.742507e-02
6.700000e-01 5.737785e-02
6.710000e-01 5.732985e-02
6.720000e-01 5.728108e-02
6.730000e-01 5.723153e-02
6.740000e-01 5.718119e-02
6.750000e-01 5.713007e-02
6.760000e-01 5.707817e-02
6.770000e-01 5.702548e-02
6.780000e-01 5.697199e-02
6.790000e-01 5.691772e-02
6.800000e-01 5.686265e-02
6.810000e-01 5.680679e-02
6.820000e-01 5.675013e-02
6.830000e-01 5.669267e-02
6.840000e-01 5.663441e-02
6.850000e-01 5.657535e-02
6.860000e-01 5.651548e-02
6.870000e-01 5.645481e-02
6.880000e-01 5.639333e-02
6.890000e-01 5.633104e-02
6.900000e-01 5.626794e-02
6.910000e-01 5.620403e-02
6.920000e-01 5.613931e-02
6.930000e-01 5.607376e-02
6.940000e-01 5.600741e-02
6.950000e-01 5.594023e-02
6.960000e-01 5.587223e-02
6.970000e-01 5.580341e-02
6.980000e-01 5.573377e-02
6.990000e-01 5.566330e-02
7.000000e-01 5.559200e-02
7.010000e-01 5.551988e-02
7.020000e-01 5.544693e-02
7.030000e-01 5.537315e-02
7.040000e-01 5.529853e-02
7.050000e-01 5.522308e-02
7.060000e-01 5.514680e-02
7.070000e-01 5.506968e-02
7.080000e-01 5.499173e-02
7.090000e-01 5.491294e-02
7.100000e-01 5.483330e-02
7.110000e-01 5.475283e-02
7.120000e-01 5.467151e-02
7.130000e-01 5.458936e-02
7.140000e-01 5.450635e-02
7.150000e-01 5.442250e-02
7.160000e-01 5.433781e-02
7.170000e-01 5.425227e-02
7.180000e-01 5.416588e-02
7.190000e-01 5.407864e-02
7.200000e-01 5.399055e-02
7.210000e-01 5.390160e-02
7.220000e-01 5.381181e-02
7.230000e-01 5.372116e-02
7.240000e-01 5.362966e-02
7.250000e-01 5.353730e-02
7.260000e-01 5.344409e-02
7.270000e-01 5.335002e-02
7.280000e-01 5.325510e-02
7.290000e-01 5.315931e-02
7.300000e-01 5.306267e-02
7.310000e-01 5.296516e-02
7.320000e-01 5.286680e-02
7.330000e-01 5.276758e-02
7.340000e-01 5.266749e-02
7.350000e-01 5.256654e-02
7.360000e-01 5.246473e-02
7.370000e-01 5.236206e-02
7.380000e-01 5.225852e-02
7.390000e-01 5.215412e-02
7.400000e-01 5.204885e-02
7.410000e-01 5.194272e-02
7.420000e-01 5.183573e-02
7.430000e-01 5.172787e-02
7.440000e-01 5.161914e-02
7.450000e-01 5.150954e-02
7.460000e-01 5.139908e-02
7.470000e-01 5.128776e-02
7.480000e-01 5.117556e-02
7.490000e-01 5.106250e-02
7.500000e-01 5.094857e-02
7.510000e-01 5.083377e-02
7.520000e-01 5.071811e-02
7.530000e-01 5.060157e-02
7.540000e-01 5.048417e-02
7.550000e-01 5.036591e-02
7.560000e-01 5.024677e-02
7.570000e-01 5.012677e-02
7.580000e-01 5.000590e-02
7.590000e-01 4.988416e-02
7.600000e-01 4.976155e-02
7.610000e-01 4.963808e-02
7.620000e-01 4.951374e-02
7.630000e-01 4.938853e-02
7.640000e-01 4.926246e-02
7.650000e-01 4.913552e-02
7.660000e-01 4.900771e-02
7.670000e-01 4.887904e-02
7.680000e-01 4.874950e-02
7.690000e-01 4.861910e-02
7.700000e-01 4.848783e-02
7.710000e-01 4.835571e-02
7.720000e-01 4.822271e-02
7.730000e-01 4.808886e-02
7.740000e-01 4.795414e-02
7.750000e-01 4.781856e-02
7.760000e-01 4.768212e-02
7.770000e-01 4.754482e-02
7.780000e-01 4.740666e-02
7.790000e-01 4.726764e-02
7.800000e-01 4.712776e-02
7.810000e-01 4.698703e-02
7.820000e-01 4.684544e-02
7.830000e-01 4.670299e-02
7.840000e-01 4.655969e-02
7.850000e-01 4.641553e-02
7.860000e-01 4.627053e-02
7.870000e-01 4.612467e-02
7.880000e-01 4.597796e-02
7.890000e-01 4.583040e-02
7.900000e-01 4.568199e-02
7.910000e-01 4.553273e-02
7.920000e-01 4.538263e-02
7.930000e-01 4.523168e-02
7.940000e-01 4.507989e-02
7.950000e-01 4.492725e-02
7.960000e-01 4.477378e-02
7.970000e-01 4.461946e-02
7.980000e-01 4.446430e-02
7.990000e-01 4.430831e-02
8.000000e-01 4.415148e-02
8.010000e-01 4.399382e-02
8.020000e-01 4.383532e-02
8.030000e-01 4.367599e-02
8.040000e-01 4.351583e-02
8.050000e-01 4.335485e-02
8.060000e-01 4.319303e-02
8.070000e-01 4.303039e-02
8.080000e-01 4.286693e-02
8.090000e-01 4.270265e-02
8.100000e-01 4.253754e-02
8.110000e-01 4.237162e-02
8.120000e-01 4.220488e-02
8.130000e-01 4.203733e-02
8.140000e-01 4.186896e-02
8.150000e-01 4.169978e-02
8.160000e-01 4.152980e-02
8.170000e-01 4.135900e-02
8.180000e-01 4.118740e-02
8.190000e-01 4.101500e-02
8.200000e-01 4.084180e-02
8.210000e-01 4.066780e-02
8.220000e-01 4.049300e-02
8.230000e-01 4.031741e-02
8.240000e-01 4.014102e-02
8.250000e-01 3.996384e-02
8.260000e-01 3.978588e-02
8.270000e-01 3.960713e-02
8.280000e-01 3.942760e-02
8.290000e-01 3.924729e-02
8.300000e-01 3.906620e-02
8.310000e-01 3.888433e-02
8.320000e-01 3.870169e-02
8.330000e-01 3.851828e-02
8.340000e-01 3.833410e-02
8.350000e-01 3.814915e-02
8.360000e-01 3.796344e-02
8.370000e-01 3.777697e-02
8.380000e-01 3.758974e-02
8.390000e-01 3.740176e-02
8.400000e-01 3.721302e-02
8.410000e-01 3.702353e-02
8.420000e-01 3.683330e-02
8.430000e-01 3.664232e-02
8.440000e-01 3.645060e-02
8.450000e-01 3.625814e-02
8.460000e-01 3.606495e-02
8.470000e-01 3.587102e-02
8.480000e-01 3.567636e-02
8.490000e-01 3.548097e-02
8.500000e-01 3.528487e-02
8.510000e-01 3.508804e-02
8.520000e-01 3.489049e-02
8.530000e-01 3.469223e-02
8.540000e-01 3.449325e-02
8.550000e-01 3.429357e-02
8.560000e-01 3.409319e-02
8.570000e-01 3.389210e-02
8.580000e-01 3.369031e-02
8.590000e-01 3.348783e-02
8.600000e-01 3.328465e-02
8.610000e-01 3.308079e-02
8.620000e-01 3.287624e-02
8.630000e-01 3.267101e-02
8.640000e-01 3.246510e-02
8.650000e-01 3.225852e-02
8.660000e-01 3.205127e-02
8.670000e-01 3.184334e-02
8.680000e-01 3.163476e-02
8.690000e-01 3.142551e-02
8.700000e-01 3.121561e-02
8.710000e-01 3.100505e-02
8.720000e-01 3.079384e-02
8.730000e-01 3.058199e-02
8.740000e-01 3.036950e-02
8.750000e-01 3.015636e-02
8.760000e-01 2.994260e-02
8.770000e-01 2.972820e-02
8.780000e-01 2.951317e-02
8.790000e-01 2.929752e-02
8.800000e-01 2.908125e-02
8.810000e-01 2.886437e-02
8.820000e-01 2.864688e-02
8.830000e-01 2.842878e-02
8.840000e-01 2.821007e-02
8.850000e-01 2.799077e-02
8.860000e-01 2.777087e-02
8.870000e-01 2.755038e-02
8.880000e-01 2.732930e-02
8.890000e-01 2.710764e-02
8.900000e-01 2.688541e-02
8.910000e-01 2.666259e-02
8.920000e-01 2.643921e-02
8.930000e-01 2.621526e-02
8.940000e-01 2.599075e-02
8.950000e-01 2.576569e-02
8.960000e-01 2.554007e-02
8.970000e-01 2.531390e-02
8.980000e-01 2.508719e-02
8.990000e-01 2.485994e-02
9.000000e-01 2.463215e-02
9.010000e-01 2.440383e-02
9.020000e-01 2.417498e-02
9.030000e-01 2.394562e-02
9.040000e-01 2.371573e-02
9.050000e-01 2.348534e-02
9.060000e-01 2.325443e-02
9.070000e-01 2.302302e-02
9.080000e-01 2.279112e-02
9.090000e-01 2.255871e-02
9.100000e-01 2.232582e-02
9.110000e-01 2.209245e-02
9.120000e-01 2.185859e-02
9.130000e-01 2.162426e-02
9.140000e-01 2.138945e-02
9.150000e-01 2.115418e-02
9.160000e-01 2.091845e-02
9.170000e-01 2.068226e-02
9.180000e-01 2.044563e-02
9.190000e-01 2.020854e-02
9.200000e-01 1.997101e-02
9.210000e-01 1.973305e-02
9.220000e-01 1.949465e-02
9.230000e-01 1.925583e-02
9.240000e-01 1.901658e-02
9.250000e-01 1.877692e-02
9.260000e-01 1.853684e-02
9.270000e-01 1.829636e-02
9.280000e-01 1.805548e-02
9.290000e-01 1.781420e-02
9.300000e-01 1.757252e-02
9.310000e-01 1.733046e-02
9.320000e-01 1.708802e-02
9.330000e-01 1.684520e-02
9.340000e-01 1.660201e-02
9.350000e-01 1.635846e-02
9.360000e-01 1.611454e-02
9.370000e-01 1.587026e-02
9.380000e-01 1.562564e-02
9.390000e-01 1.538067e-02
9.400000e-01 1.513536e-02
9.410000e-01 1.488971e-02
9.420000e-01 1.464374e-02
9.430000e-01 1.439744e-02
9.440000e-01 1.415082e-02
9.450000e-01 1.390389e-02
9.460000e-01 1.365665e-02
9.470000e-01 1.340910e-02
9.480000e-01 1.316126e-02
9.490000e-01 1.291313e-02
9.500000e-01 1.266471e-02
9.510000e-01 1.241600e-02
9.520000e-01 1.216702e-02
9.530000e-01 1.191777e-02
9.540000e-01 1.166826e-02
9.550000e-01 1.141848e-02
9.560000e-01 1.116845e-02
9.570000e-01 1.091817e-02
9.580000e-01 1.066765e-02
9.590000e-01 1.041689e-02
9.600000e-01 1.016590e-02
9.610000e-01 9.914680e-03
9.620000e-01 9.663239e-03
9.630000e-01 9.411583e-03
9.640000e-01 9.159716e-03
9.650000e-01 8.907644e-03
9.660000e-01 8.655374e-03
9.670000e-01 8.402909e-03
9.680000e-01 8.150257e-03
9.690000e-01 7.897423e-03
9.700000e-01 7.644412e-03
9.710000e-01 7.391229e-03
9.720000e-01 7.137881e-03
9.730000e-01 6.884374e-03
9.740000e-01 6.630712e-03
9.750000e-01 6.376901e-03
9.760000e-01 6.122948e-03
9.770000e-01 5.868857e-03
9.780000e-01 5.614635e-03
9.790000e-01 5.360287e-03
9.800000e-01 5.105819e-03
9.810000e-01 4.851236e-03
9.820000e-01 4.596545e-03
9.830000e-01 4.341750e-03
9.840000e-01 4.086858e-03
9.850000e-01 3.831874e-03
9.860000e-01 3.576804e-03
9.870000e-01 3.321654e-03
9.880000e-01 3.066429e-03
9.890000e-01 2.811135e-03
9.900000e-01 2.555778e-03
9.910000e-01 2.300364e-03
9.920000e-01 2.044898e-03
9.930000e-01 1.789386e-03
9.940000e-01 1.533834e-03
9.950000e-01 1.278248e-03
9.960000e-01 1.022633e-03
9.970000e-01 7.669948e-04
9.980000e-01 5.113394e-04
9.990000e-01 2.556726e-04
