0.000000e+00 0.000000e+00
1.000000e-03 1.839990e-04
2.000000e-03 3.679963e-04
3.000000e-03 5.519898e-04
4.000000e-03 7.359780e-04
5.000000e-03 9.199589e-04
6.000000e-03 1.103931e-03
7.000000e-03 1.287892e-03
8.000000e-03 1.471840e-03
9.000000e-03 1.655773e-03
1.000000e-02 1.839691e-03
1.100000e-02 2.023590e-03
1.200000e-02 2.207469e-03
1.300000e-02 2.391326e-03
1.400000e-02 2.575160e-03
1.500000e-02 2.758969e-03
1.600000e-02 2.942750e-03
1.700000e-02 3.126502e-03
1.800000e-02 3.310223e-03
1.900000e-02 3.493912e-03
2.000000e-02 3.677566e-03
2.100000e-02 3.861184e-03
2.200000e-02 4.044763e-03
2.300000e-02 4.228303e-03
2.400000e-02 4.411801e-03
2.500000e-02 4.595256e-03
2.600000e-02 4.778665e-03
2.700000e-02 4.962027e-03
2.800000e-02 5.145340e-03
2.900000e-02 5.328602e-03
3.000000e-02 5.511812e-03
3.100000e-02 5.694967e-03
3.200000e-02 5.878066e-03
3.300000e-02 6.061107e-03
3.400000e-02 6.244088e-03
3.500000e-02 6.427008e-03
3.600000e-02 6.609864e-03
3.700000e-02 6.792655e-03
3.800000e-02 6.975379e-03
3.900000e-02 7.158034e-03
4.000000e-02 7.340618e-03
4.100000e-02 7.523130e-03
4.200000e-02 7.705568e-03
4.300000e-02 7.887929e-03
4.400000e-02 8.070213e-03
4.500000e-02 8.252417e-03
4.600000e-02 8.434540e-03
4.700000e-02 8.616579e-03
4.800000e-02 8.798534e-03
4.900000e-02 8.980401e-03
5.000000e-02 9.162180e-03
5.100000e-02 9.343869e-03
5.200000e-02 9.525465e-03
5.300000e-02 9.706967e-03
5.400000e-02 9.888374e-03
5.500000e-02 1.006968e-02
5.600000e-02 1.025089e-02
5.700000e-02 1.043200e-02
5.800000e-02 1.061301e-02
5.900000e-02 1.079391e-02
6.000000e-02 1.097470e-02
6.100000e-02 1.115539e-02
6.200000e-02 1.133596e-02
6.300000e-02 1.151643e-02
6.400000e-02 1.169678e-02
6.500000e-02 1.187701e-02
6.600000e-02 1.205713e-02
6.700000e-02 1.223713e-02
6.800000e-02 1.241700e-02
6.900000e-02 1.259676e-02
7.000000e-02 1.277639e-02
7.100000e-02 1.295589e-02
7.200000e-02 1.313527e-02
7.300000e-02 1.331452e-02
7.400000e-02 1.349363e-02
7.500000e-02 1.367262e-02
7.600000e-02 1.385146e-02
7.700000e-02 1.403018e-02
7.800000e-02 1.420875e-02
7.900000e-02 1.438718e-02
8.000000e-02 1.456547e-02
8.100000e-02 1.474362e-02
8.200000e-02 1.492162e-02
8.300000e-02 1.509947e-02
8.400000e-02 1.527718e-02
8.500000e-02 1.545473e-02
8.600000e-02 1.563213e-02
8.700000e-02 1.580938e-02
8.800000e-02 1.598647e-02
8.900000e-02 1.616340e-02
9.000000e-02 1.634018e-02
9.100000e-02 1.651679e-02
9.200000e-02 1.669324e-02
9.300000e-02 1.686952e-02
9.400000e-02 1.704564e-02
9.500000e-02 1.722159e-02
9.600000e-02 1.739737e-02
9.700000e-02 1.757298e-02
9.800000e-02 1.774841e-02
9.900000e-02 1.792367e-02
1.000000e-01 1.809876e-02
1.010000e-01 1.827366e-02
1.020000e-01 1.844838e-02
1.030000e-01 1.862293e-02
1.040000e-01 1.879728e-02
1.050000e-01 1.897146e-02
1.060000e-01 1.914544e-02
1.070000e-01 1.931924e-02
1.080000e-01 1.949284e-02
1.090000e-01 1.966626e-02
1.100000e-01 1.983948e-02
1.110000e-01 2.001250e-02
1.120000e-01 2.018533e-02
1.130000e-01 2.035795e-02
1.140000e-01 2.053038e-02
1.150000e-01 2.070260e-02
1.160000e-01 2.087462e-02
1.170000e-01 2.104643e-02
1.180000e-01 2.121804e-02
1.190000e-01 2.138943e-02
1.200000e-01 2.156062e-02
1.210000e-01 2.173159e-02
1.220000e-01 2.190234e-02
1.230000e-01 2.207289e-02
1.240000e-01 2.224321e-02
1.250000e-01 2.241331e-02
1.260000e-01 2.258319e-02
1.270000e-01 2.275285e-02
1.280000e-01 2.292229e-02
1.290000e-01 2.309150e-02
1.300000e-01 2.326048e-02
1.310000e-01 2.342923e-02
1.320000e-01 2.359775e-02
1.330000e-01 2.376604e-02
1.340000e-01 2.393409e-02
1.350000e-01 2.410191e-02
1.360000e-01 2.426948e-02
1.370000e-01 2.443682e-02
1.380000e-01 2.460392e-02
1.390000e-01 2.477078e-02
1.400000e-01 2.493739e-02
1.410000e-01 2.510375e-02
1.420000e-01 2.526987e-02
1.430000e-01 2.543573e-02
1.440000e-01 2.560135e-02
1.450000e-01 2.576671e-02
1.460000e-01 2.593182e-02
1.470000e-01 2.609667e-02
1.480000e-01 2.626127e-02
1.490000e-01 2.642561e-02
1.500000e-01 2.658968e-02
1.510000e-01 2.675350e-02
1.520000e-01 2.691704e-02
1.530000e-01 2.708033e-02
1.540000e-01 2.724334e-02
1.550000e-01 2.740609e-02
1.560000e-01 2.756857e-02
1.570000e-01 2.773077e-02
1.580000e-01 2.789270e-02
1.590000e-01 2.805436e-02
1.600000e-01 2.821574e-02
1.610000e-01 2.837684e-02
1.620000e-01 2.853766e-02
1.630000e-01 2.869820e-02
1.640000e-01 2.885845e-02
1.650000e-01 2.901842e-02
1.660000e-01 2.917811e-02
1.670000e-01 2.933750e-02
1.680000e-01 2.949661e-02
1.690000e-01 2.965543e-02
1.700000e-01 2.981395e-02
1.710000e-01 2.997218e-02
1.720000e-01 3.013011e-02
1.730000e-01 3.028775e-02
1.740000e-01 3.044508e-02
1.750000e-01 3.060212e-02
1.760000e-01 3.075885e-02
1.770000e-01 3.091528e-02
1.780000e-01 3.107141e-02
1.790000e-01 3.122723e-02
1.800000e-01 3.138274e-02
1.810000e-01 3.153794e-02
1.820000e-01 3.169283e-02
1.830000e-01 3.184740e-02
1.840000e-01 3.200167e-02
1.850000e-01 3.215561e-02
1.860000e-01 3.230924e-02
1.870000e-01 3.246255e-02
1.880000e-01 3.261554e-02
1.890000e-01 3.276821e-02
1.900000e-01 3.292055e-02
1.910000e-01 3.307257e-02
1.920000e-01 3.322427e-02
1.930000e-01 3.337563e-02
1.940000e-01 3.352667e-02
1.950000e-01 3.367737e-02
1.960000e-01 3.382774e-02
1.970000e-01 3.397778e-02
1.980000e-01 3.412749e-02
1.990000e-01 3.427685e-02
2.000000e-01 3.442588e-02
2.010000e-01 3.457457e-02
2.020000e-01 3.472292e-02
2.030000e-01 3.487092e-02
2.040000e-01 3.501858e-02
2.050000e-01 3.516590e-02
2.060000e-01 3.531286e-02
2.070000e-01 3.545948e-02
2.080000e-01 3.560575e-02
2.090000e-01 3.575167e-02
2.100000e-01 3.589724e-02
2.110000e-01 3.604245e-02
2.120000e-01 3.618730e-02
2.130000e-01 3.633180e-02
2.140000e-01 3.647594e-02
2.150000e-01 3.661972e-02
2.160000e-01 3.676313e-02
2.170000e-01 3.690619e-02
2.180000e-01 3.704888e-02
2.190000e-01 3.719121e-02
2.200000e-01 3.733316e-02
2.210000e-01 3.747475e-02
2.220000e-01 3.761597e-02
2.230000e-01 3.775682e-02
2.240000e-01 3.789730e-02
2.250000e-01 3.803740e-02
2.260000e-01 3.817712e-02
2.270000e-01 3.831647e-02
2.280000e-01 3.845545e-02
2.290000e-01 3.859404e-02
2.300000e-01 3.873225e-02
2.310000e-01 3.887008e-02
2.320000e-01 3.900752e-02
2.330000e-01 3.914458e-02
2.340000e-01 3.928125e-02
2.350000e-01 3.941754e-02
2.360000e-01 3.955344e-02
2.370000e-01 3.968894e-02
2.380000e-01 3.982406e-02
2.390000e-01 3.995878e-02
2.400000e-01 4.009311e-02
2.410000e-01 4.022704e-02
2.420000e-01 4.036057e-02
2.430000e-01 4.049371e-02
2.440000e-01 4.062645e-02
2.450000e-01 4.075878e-02
2.460000e-01 4.089072e-02
2.470000e-01 4.102225e-02
2.480000e-01 4.115337e-02
2.490000e-01 4.128409e-02
2.500000e-01 4.141440e-02
2.510000e-01 4.154430e-02
2.520000e-01 4.167380e-02
2.530000e-01 4.180288e-02
2.540000e-01 4.193155e-02
2.550000e-01 4.205980e-02
2.560000e-01 4.218764e-02
2.570000e-01 4.231506e-02
2.580000e-01 4.244207e-02
2.590000e-01 4.256866e-02
2.600000e-01 4.269482e-02
2.610000e-01 4.282057e-02
2.620000e-01 4.294589e-02
2.630000e-01 4.307079e-02
2.640000e-01 4.319526e-02
2.650000e-01 4.331931e-02
2.660000e-01 4.344293e-02
2.670000e-01 4.356612e-02
2.680000e-01 4.368888e-02
2.690000e-01 4.381121e-02
2.700000e-01 4.393311e-02
2.710000e-01 4.405458e-02
2.720000e-01 4.417560e-02
2.730000e-01 4.429620e-02
2.740000e-01 4.441635e-02
2.750000e-01 4.453607e-02
2.760000e-01 4.465535e-02
2.770000e-01 4.477419e-02
2.780000e-01 4.489258e-02
2.790000e-01 4.501053e-02
2.800000e-01 4.512804e-02
2.810000e-01 4.524510e-02
2.820000e-01 4.536172e-02
2.830000e-01 4.547789e-02
2.840000e-01 4.559361e-02
2.850000e-01 4.570888e-02
2.860000e-01 4.582370e-02
2.870000e-01 4.593806e-02
2.880000e-01 4.605198e-02
2.890000e-01 4.616543e-02
2.900000e-01 4.627844e-02
2.910000e-01 4.639098e-02
2.920000e-01 4.650307e-02
2.930000e-01 4.661470e-02
2.940000e-01 4.672587e-02
2.950000e-01 4.683658e-02
2.960000e-01 4.694682e-02
2.970000e-01 4.705661e-02
2.980000e-01 4.716592e-02
2.990000e-01 4.727478e-02
3.000000e-01 4.738316e-02
3.010000e-01 4.749108e-02
3.020000e-01 4.759853e-02
3.030000e-01 4.770551e-02
3.040000e-01 4.781202e-02
3.050000e-01 4.791805e-02
3.060000e-01 4.802362e-02
3.070000e-01 4.812871e-02
3.080000e-01 4.823332e-02
3.090000e-01 4.833746e-02
3.100000e-01 4.844112e-02
3.110000e-01 4.854431e-02
3.120000e-01 4.864701e-02
3.130000e-01 4.874924e-02
3.140000e-01 4.885098e-02
3.150000e-01 4.895224e-02
3.160000e-01 4.905302e-02
3.170000e-01 4.915331e-02
3.180000e-01 4.925312e-02
3.190000e-01 4.935244e-02
3.200000e-01 4.945128e-02
3.210000e-01 4.954963e-02
3.220000e-01 4.964749e-02
3.230000e-01 4.974485e-02
3.240000e-01 4.984173e-02
3.250000e-01 4.993812e-02
3.260000e-01 5.003401e-02
3.270000e-01 5.012941e-02
3.280000e-01 5.022431e-02
3.290000e-01 5.031872e-02
3.300000e-01 5.041263e-02
3.310000e-01 5.050605e-02
3.320000e-01 5.059896e-02
3.330000e-01 5.069138e-02
3.340000e-01 5.078330e-02
3.350000e-01 5.087471e-02
3.360000e-01 5.096563e-02
3.370000e-01 5.105604e-02
3.380000e-01 5.114594e-02
3.390000e-01 5.123534e-02
3.400000e-01 5.132424e-02
3.410000e-01 5.141263e-02
3.420000e-01 5.150051e-02
3.430000e-01 5.158788e-02
3.440000e-01 5.167475e-02
3.450000e-01 5.176110e-02
3.460000e-01 5.184694e-02
3.470000e-01 5.193227e-02
3.480000e-01 5.201709e-02
3.490000e-01 5.210140e-02
3.500000e-01 5.218519e-02
3.510000e-01 5.226847e-02
3.520000e-01 5.235123e-02
3.530000e-01 5.243347e-02
3.540000e-01 5.251520e-02
3.550000e-01 5.259640e-02
3.560000e-01 5.267709e-02
3.570000e-01 5.275726e-02
3.580000e-01 5.283691e-02
3.590000e-01 5.291604e-02
3.600000e-01 5.299464e-02
3.610000e-01 5.307272e-02
3.620000e-01 5.315028e-02
3.630000e-01 5.322731e-02
3.640000e-01 5.330382e-02
3.650000e-01 5.337980e-02
3.660000e-01 5.345526e-02
3.670000e-01 5.353019e-02
3.680000e-01 5.360458e-02
3.690000e-01 5.367845e-02
3.700000e-01 5.375179e-02
3.710000e-01 5.382460e-02
3.720000e-01 5.389688e-02
3.730000e-01 5.396863e-02
3.740000e-01 5.403984e-02
3.750000e-01 5.411052e-02
3.760000e-01 5.418067e-02
3.770000e-01 5.425028e-02
3.780000e-01 5.431936e-02
3.790000e-01 5.438790e-02
3.800000e-01 5.445590e-02
3.810000e-01 5.452337e-02
3.820000e-01 5.459029e-02
3.830000e-01 5.465668e-02
3.840000e-01 5.472253e-02
3.850000e-01 5.478784e-02
3.860000e-01 5.485261e-02
3.870000e-01 5.491684e-02
3.880000e-01 5.498052e-02
3.890000e-01 5.504367e-02
3.900000e-01 5.510627e-02
3.910000e-01 5.516832e-02
3.920000e-01 5.522983e-02
3.930000e-01 5.529080e-02
3.940000e-01 5.535122e-02
3.950000e-01 5.541109e-02
3.960000e-01 5.547042e-02
3.970000e-01 5.552920e-02
3.980000e-01 5.558743e-02
3.990000e-01 5.564511e-02
4.000000e-01 5.570225e-02
4.010000e-01 5.575883e-02
4.020000e-01 5.581486e-02
4.030000e-01 5.587035e-02
4.040000e-01 5.592528e-02
4.050000e-01 5.597966e-02
4.060000e-01 5.603348e-02
4.070000e-01 5.608676e-02
4.080000e-01 5.613948e-02
4.090000e-01 5.619164e-02
4.100000e-01 5.624326e-02
4.110000e-01 5.629431e-02
4.120000e-01 5.634481e-02
4.130000e-01 5.639476e-02
4.140000e-01 5.644415e-02
4.150000e-01 5.649298e-02
4.160000e-01 5.654125e-02
4.170000e-01 5.658897e-02
4.180000e-01 5.663612e-02
4.190000e-01 5.668272e-02
4.200000e-01 5.672876e-02
4.210000e-01 5.677424e-02
4.220000e-01 5.681916e-02
4.230000e-01 5.686352e-02
4.240000e-01 5.690731e-02
4.250000e-01 5.695055e-02
4.260000e-01 5.699322e-02
4.270000e-01 5.703533e-02
4.280000e-01 5.707688e-02
4.290000e-01 5.711786e-02
4.300000e-01 5.715828e-02
4.310000e-01 5.719814e-02
4.320000e-01 5.723743e-02
4.330000e-01 5.727616e-02
4.340000e-01 5.731432e-02
4.350000e-01 5.735191e-02
4.360000e-01 5.738894e-02
4.370000e-01 5.742541e-02
4.380000e-01 5.746130e-02
4.390000e-01 5.749663e-02
4.400000e-01 5.753139e-02
4.410000e-01 5.756559e-02
4.420000e-01 5.759921e-02
4.430000e-01 5.763227e-02
4.440000e-01 5.766476e-02
4.450000e-01 5.769668e-02
4.460000e-01 5.772803e-02
4.470000e-01 5.775881e-02
4.480000e-01 5.778902e-02
4.490000e-01 5.781866e-02
4.500000e-01 5.784773e-02
4.510000e-01 5.787623e-02
4.520000e-01 5.790415e-02
4.530000e-01 5.793151e-02
4.540000e-01 5.795829e-02
4.550000e-01 5.798451e-02
4.560000e-01 5.801014e-02
4.570000e-01 5.803521e-02
4.580000e-01 5.805971e-02
4.590000e-01 5.808363e-02
4.600000e-01 5.810698e-02
4.610000e-01 5.812975e-02
4.620000e-01 5.815195e-02
4.630000e-01 5.817358e-02
4.640000e-01 5.819463e-02
4.650000e-01 5.821511e-02
4.660000e-01 5.823501e-02
4.670000e-01 5.825434e-02
4.680000e-01 5.827310e-02
4.690000e-01 5.829127e-02
4.700000e-01 5.830888e-02
4.710000e-01 5.832591e-02
4.720000e-01 5.834236e-02
4.730000e-01 5.835823e-02
4.740000e-01 5.837354e-02
4.750000e-01 5.838826e-02
4.760000e-01 5.840241e-02
4.770000e-01 5.841598e-02
4.780000e-01 5.842898e-02
4.790000e-01 5.844139e-02
4.800000e-01 5.845324e-02
4.810000e-01 5.846450e-02
4.820000e-01 5.847519e-02
4.830000e-01 5.848530e-02
4.840000e-01 5.849483e-02
4.850000e-01 5.850379e-02
4.860000e-01 5.851217e-02
4.870000e-01 5.851997e-02
4.880000e-01 5.852719e-02
4.890000e-01 5.853384e-02
4.900000e-01 5.853991e-02
4.910000e-01 5.854540e-02
4.920000e-01 5.855031e-02
4.930000e-01 5.855465e-02
4.940000e-01 5.855840e-02
4.950000e-01 5.856158e-02
4.960000e-01 5.856418e-02
4.970000e-01 5.856621e-02
4.980000e-01 5.856765e-02
4.990000e-01 5.856852e-02
5.000000e-01 5.856881e-02
5.010000e-01 5.856852e-02
5.020000e-01 5.856765e-02
5.030000e-01 5.856621e-02
5.040000e-01 5.856418e-02
5.050000e-01 5.856158e-02
5.060000e-01 5.855840e-02
5.070000e-01 5.855465e-02
5.080000e-01 5.855031e-02
5.090000e-01 5.854540e-02
5.100000e-01 5.853991e-02
5.110000e-01 5.853384e-02
5.120000e-01 5.852719e-02
5.130000e-01 5.851997e-02
5.140000e-01 5.851217e-02
5.150000e-01 5.850379e-02
5.160000e-01 5.849483e-02
5.170000e-01 5.848530e-02
5.180000e-01 5.847519e-02
5.190000e-01 5.846450e-02
5.200000e-01 5.845324e-02
5.210000e-01 5.844139e-02
5.220000e-01 5.842898e-02
5.230000e-01 5.841598e-02
5.240000e-01 5.840241e-02
5.250000e-01 5.838826e-02
5.260000e-01 5.837354e-02
5.270000e-01 5.835823e-02
5.280000e-01 5.834236e-02
5.290000e-01 5.832591e-02
5.300000e-01 5.830888e-02
5.310000e-01 5.829127e-02
5.320000e-01 5.827310e-02
5.330000e-01 5.825434e-02
5.340000e-01 5.823501e-02
5.350000e-01 5.821511e-02
5.360000e-01 5.819463e-02
5.370000e-01 5.817358e-02
5.380000e-01 5.815195e-02
5.390000e-01 5.812975e-02
5.400000e-01 5.810698e-02
5.410000e-01 5.808363e-02
5.420000e-01 5.805971e-02
5.430000e-01 5.803521e-02
5.440000e-01 5.801014e-02
5.450000e-01 5.798451e-02
5.460000e-01 5.795829e-02
5.470000e-01 5.793151e-02
5.480000e-01 5.790415e-02
5.490000e-01 5.787623e-02
5.500000e-01 5.784773e-02
5.510000e-01 5.781866e-02
5.520000e-01 5.778902e-02
5.530000e-01 5.775881e-02
5.540000e-01 5.772803e-02
5.550000e-01 5.769668e-02
5.560000e-01 5.766476e-02
5.570000e-01 5.763227e-02
5.580000e-01 5.759921e-02
5.590000e-01 5.756559e-02
5.600000e-01 5.753139e-02
5.610000e-01 5.749663e-02
5.620000e-01 5.746130e-02
5.630000e-01 5.742541e-02
5.640000e-01 5.738894e-02
5.650000e-01 5.735191e-02
5.660000e-01 5.731432e-02
5.670000e-01 5.727616e-02
5.680000e-01 5.723743e-02
5.690000e-01 5.719814e-02
5.700000e-01 5.715828e-02
5.710000e-01 5.711786e-02
5.720000e-01 5.707688e-02
5.730000e-01 5.703533e-02
5.740000e-01 5.699322e-02
5.750000e-01 5.695055e-02
5.760000e-01 5.690731e-02
5.770000e-01 5.686352e-02
5.780000e-01 5.681916e-02
5.790000e-01 5.677424e-02
5.800000e-01 5.672876e-02
5.810000e-01 5.668272e-02
5.820000e-01 5.663612e-02
5.830000e-01 5.658897e-02
5.840000e-01 5.654125e-02
5.850000e-01 5.649298e-02
5.860000e-01 5.644415e-02
5.870000e-01 5.639476e-02
5.880000e-01 5.634481e-02
5.890000e-01 5.629431e-02
5.900000e-01 5.624326e-02
5.910000e-01 5.619164e-02
5.920000e-01 5.613948e-02
5.930000e-01 5.608676e-02
5.940000e-01 5.603348e-02
5.950000e-01 5.597966e-02
5.960000e-01 5.592528e-02
5.970000e-01 5.587035e-02
5.980000e-01 5.581486e-02
5.990000e-01 5.575883e-02
6.000000e-01 5.570225e-02
6.010000e-01 5.564511e-02
6.020000e-01 5.558743e-02
6.030000e-01 5.552920e-02
6.040000e-01 5.547042e-02
6.050000e-01 5.541109e-02
6.060000e-01 5.535122e-02
6.070000e-01 5.529080e-02
6.080000e-01 5.522983e-02
6.090000e-01 5.516832e-02
6.100000e-01 5.510627e-02
6.110000e-01 5.504367e-02
6.120000e-01 5.498052e-02
6.130000e-01 5.491684e-02
6.140000e-01 5.485261e-02
6.150000e-01 5.478784e-02
6.160000e-01 5.472253e-02
6.170000e-01 5.465668e-02
6.180000e-01 5.459029e-02
6.190000e-01 5.452337e-02
6.200000e-01 5.445590e-02
6.210000e-01 5.438790e-02
6.220000e-01 5.431936e-02
6.230000e-01 5.425028e-02
6.240000e-01 5.418067e-02
6.250000e-01 5.411052e-02
6.260000e-01 5.403984e-02
6.270000e-01 5.396863e-02
6.280000e-01 5.389688e-02
6.290000e-01 5.382460e-02
6.300000e-01 5.375179e-02
6.310000e-01 5.367845e-02
6.320000e-01 5.360458e-02
6.330000e-01 5.353019e-02
6.340000e-01 5.345526e-02
6.350000e-01 5.337980e-02
6.360000e-01 5.330382e-02
6.370000e-01 5.322731e-02
6.380000e-01 5.315028e-02
6.390000e-01 5.307272e-02
6.400000e-01 5.299464e-02
6.410000e-01 5.291604e-02
6.420000e-01 5.283691e-02
6.430000e-01 5.275726e-02
6.440000e-01 5.267709e-02
6.450000e-01 5.259640e-02
6.460000e-01 5.251520e-02
6.470000e-01 5.243347e-02
6.480000e-01 5.235123e-02
6.490000e-01 5.226847e-02
6.500000e-01 5.218519e-02
6.510000e-01 5.210140e-02
6.520000e-01 5.201709e-02
6.530000e-01 5.193227e-02
6.540000e-01 5.184694e-02
6.550000e-01 5.176110e-02
6.560000e-01 5.167475e-02
6.570000e-01 5.158788e-02
6.580000e-01 5.150051e-02
6.590000e-01 5.141263e-02
6.600000e-01 5.132424e-02
6.610000e-01 5.123534e-02
6.620000e-01 5.114594e-02
6.630000e-01 5.105604e-02
6.640000e-01 5.096563e-02
6.650000e-01 5.087471e-02
6.660000e-01 5.078330e-02
6.670000e-01 5.069138e-02
6.680000e-01 5.059896e-02
6.690000e-01 5.050605e-02
6.700000e-01 5.041263e-02
6.710000e-01 5.031872e-02
6.720000e-01 5.022431e-02
6.730000e-01 5.012941e-02
6.740000e-01 5.003401e-02
6.750000e-01 4.993812e-02
6.760000e-01 4.984173e-02
6.770000e-01 4.974485e-02
6.780000e-01 4.964749e-02
6.790000e-01 4.954963e-02
6.800000e-01 4.945128e-02
6.810000e-01 4.935244e-02
6.820000e-01 4.925312e-02
6.830000e-01 4.915331e-02
6.840000e-01 4.905302e-02
6.850000e-01 4.895224e-02
6.860000e-01 4.885098e-02
6.870000e-01 4.874924e-02
6.880000e-01 4.864701e-02
6.890000e-01 4.854431e-02
6.900000e-01 4.844112e-02
6.910000e-01 4.833746e-02
6.920000e-01 4.823332e-02
6.930000e-01 4.812871e-02
6.940000e-01 4.802362e-02
6.950000e-01 4.791805e-02
6.960000e-01 4.781202e-02
6.970000e-01 4.770551e-02
6.980000e-01 4.759853e-02
6.990000e-01 4.749108e-02
7.000000e-01 4.738316e-02
7.010000e-01 4.727478e-02
7.020000e-01 4.716592e-02
7.030000e-01 4.705661e-02
7.040000e-01 4.694682e-02
7.050000e-01 4.683658e-02
7.060000e-01 4.672587e-02
7.070000e-01 4.661470e-02
7.080000e-01 4.650307e-02
7.090000e-01 4.639098e-02
7.100000e-01 4.627844e-02
7.110000e-01 4.616543e-02
7.120000e-01 4.605198e-02
7.130000e-01 4.593806e-02
7.140000e-01 4.582370e-02
7.150000e-01 4.570888e-02
7.160000e-01 4.559361e-02
7.170000e-01 4.547789e-02
7.180000e-01 4.536172e-02
7.190000e-01 4.524510e-02
7.200000e-01 4.512804e-02
7.210000e-01 4.501053e-02
7.220000e-01 4.489258e-02
7.230000e-01 4.477419e-02
7.240000e-01 4.465535e-02
7.250000e-01 4.453607e-02
7.260000e-01 4.441635e-02
7.270000e-01 4.429620e-02
7.280000e-01 4.417560e-02
7.290000e-01 4.405458e-02
7.300000e-01 4.393311e-02
7.310000e-01 4.381121e-02
7.320000e-01 4.368888e-02
7.330000e-01 4.356612e-02
7.340000e-01 4.344293e-02
7.350000e-01 4.331931e-02
7.360000e-01 4.319526e-02
7.370000e-01 4.307079e-02
7.380000e-01 4.294589e-02
7.390000e-01 4.282057e-02
7.400000e-01 4.269482e-02
7.410000e-01 4.256866e-02
7.420000e-01 4.244207e-02
7.430000e-01 4.231506e-02
7.440000e-01 4.218764e-02
7.450000e-01 4.205980e-02
7.460000e-01 4.193155e-02
7.470000e-01 4.180288e-02
7.480000e-01 4.167380e-02
7.490000e-01 4.154430e-02
7.500000e-01 4.141440e-02
7.510000e-01 4.128409e-02
7.520000e-01 4.115337e-02
7.530000e-01 4.102225e-02
7.540000e-01 4.089072e-02
7.550000e-01 4.075878e-02
7.560000e-01 4.062645e-02
7.570000e-01 4.049371e-02
7.580000e-01 4.036057e-02
7.590000e-01 4.022704e-02
7.600000e-01 4.009311e-02
7.610000e-01 3.995878e-02
7.620000e-01 3.982406e-02
7.630000e-01 3.968894e-02
7.640000e-01 3.955344e-02
7.650000e-01 3.941754e-02
7.660000e-01 3.928125e-02
7.670000e-01 3.914458e-02
7.680000e-01 3.900752e-02
7.690000e-01 3.887008e-02
7.700000e-01 3.873225e-02
7.710000e-01 3.859404e-02
7.720000e-01 3.845545e-02
7.730000e-01 3.831647e-02
7.740000e-01 3.817712e-02
7.750000e-01 3.803740e-02
7.760000e-01 3.789730e-02
7.770000e-01 3.775682e-02
7.780000e-01 3.761597e-02
7.790000e-01 3.747475e-02
7.800000e-01 3.733316e-02
7.810000e-01 3.719121e-02
7.820000e-01 3.704888e-02
7.830000e-01 3.690619e-02
7.840000e-01 3.676313e-02
7.850000e-01 3.661972e-02
7.860000e-01 3.647594e-02
7.870000e-01 3.633180e-02
7.880000e-01 3.618730e-02
7.890000e-01 3.604245e-02
7.900000e-01 3.589724e-02
7.910000e-01 3.575167e-02
7.920000e-01 3.560575e-02
7.930000e-01 3.545948e-02
7.940000e-01 3.531286e-02
7.950000e-01 3.516590e-02
7.960000e-01 3.501858e-02
7.970000e-01 3.487092e-02
7.980000e-01 3.472292e-02
7.990000e-01 3.457457e-02
8.000000e-01 3.442588e-02
8.010000e-01 3.427685e-02
8.020000e-01 3.412749e-02
8.030000e-01 3.397778e-02
8.040000e-01 3.382774e-02
8.050000e-01 3.367737e-02
8.060000e-01 3.352667e-02
8.070000e-01 3.337563e-02
8.080000e-01 3.322427e-02
8.090000e-01 3.307257e-02
8.100000e-01 3.292055e-02
8.110000e-01 3.276821e-02
8.120000e-01 3.261554e-02
8.130000e-01 3.246255e-02
8.140000e-01 3.230924e-02
8.150000e-01 3.215561e-02
8.160000e-01 3.200167e-02
8.170000e-01 3.184740e-02
8.180000e-01 3.169283e-02
8.190000e-01 3.153794e-02
8.200000e-01 3.138274e-02
8.210000e-01 3.122723e-02
8.220000e-01 3.107141e-02
8.230000e-01 3.091528e-02
8.240000e-01 3.075885e-02
8.250000e-01 3.060212e-02
8.260000e-01 3.044508e-02
8.270000e-01 3.028775e-02
8.280000e-01 3.013011e-02
8.290000e-01 2.997218e-02
8.300000e-01 2.981395e-02
8.310000e-01 2.965543e-02
8.320000e-01 2.949661e-02
8.330000e-01 2.933750e-02
8.340000e-01 2.917811e-02
8.350000e-01 2.901842e-02
8.360000e-01 2.885845e-02
8.370000e-01 2.869820e-02
8.380000e-01 2.853766e-02
8.390000e-01 2.837684e-02
8.400000e-01 2.821574e-02
8.410000e-01 2.805436e-02
8.420000e-01 2.789270e-02
8.430000e-01 2.773077e-02
8.440000e-01 2.756857e-02
8.450000e-01 2.740609e-02
8.460000e-01 2.724334e-02
8.470000e-01 2.708033e-02
8.480000e-01 2.691704e-02
8.490000e-01 2.675350e-02
8.500000e-01 2.658968e-02
8.510000e-01 2.642561e-02
8.520000e-01 2.626127e-02
8.530000e-01 2.609667e-02
8.540000e-01 2.593182e-02
8.550000e-01 2.576671e-02
8.560000e-01 2.560135e-02
8.570000e-01 2.543573e-02
8.580000e-01 2.526987e-02
8.590000e-01 2.510375e-02
8.600000e-01 2.493739e-02
8.610000e-01 2.477078e-02
8.620000e-01 2.460392e-02
8.630000e-01 2.443682e-02
8.640000e-01 2.426948e-02
8.650000e-01 2.410191e-02
8.660000e-01 2.393409e-02
8.670000e-01 2.376604e-02
8.680000e-01 2.359775e-02
8.690000e-01 2.342923e-02
8.700000e-01 2.326048e-02
8.710000e-01 2.309150e-02
8.720000e-01 2.292229e-02
8.730000e-01 2.275285e-02
8.740000e-01 2.258319e-02
8.750000e-01 2.241331e-02
8.760000e-01 2.224321e-02
8.770000e-01 2.207289e-02
8.780000e-01 2.190234e-02
8.790000e-01 2.173159e-02
8.800000e-01 2.156062e-02
8.810000e-01 2.138943e-02
8.820000e-01 2.121804e-02
8.830000e-01 2.104643e-02
8.840000e-01 2.087462e-02
8.850000e-01 2.070260e-02
8.860000e-01 2.053038e-02
8.870000e-01 2.035795e-02
8.880000e-01 2.018533e-02
8.890000e-01 2.001250e-02
8.900000e-01 1.983948e-02
8.910000e-01 1.966626e-02
8.920000e-01 1.949284e-02
8.930000e-01 1.931924e-02
8.940000e-01 1.914544e-02
8.950000e-01 1.897146e-02
8.960000e-01 1.879728e-02
8.970000e-01 1.862293e-02
8.980000e-01 1.844838e-02
8.990000e-01 1.827366e-02
9.000000e-01 1.809876e-02
9.010000e-01 1.792367e-02
9.020000e-01 1.774841e-02
9.030000e-01 1.757298e-02
9.040000e-01 1.739737e-02
9.050000e-01 1.722159e-02
9.060000e-01 1.704564e-02
9.070000e-01 1.686952e-02
9.080000e-01 1.669324e-02
9.090000e-01 1.651679e-02
9.100000e-01 1.634018e-02
9.110000e-01 1.616340e-02
9.120000e-01 1.598647e-02
9.130000e-01 1.580938e-02
9.140000e-01 1.563213e-02
9.150000e-01 1.545473e-02
9.160000e-01 1.527718e-02
9.170000e-01 1.509947e-02
9.180000e-01 1.492162e-02
9.190000e-01 1.474362e-02
9.200000e-01 1.456547e-02
9.210000e-01 1.438718e-02
9.220000e-01 1.420875e-02
9.230000e-01 1.403018e-02
9.240000e-01 1.385146e-02
9.250000e-01 1.367262e-02
9.260000e-01 1.349363e-02
9.270000e-01 1.331452e-02
9.280000e-01 1.313527e-02
9.290000e-01 1.295589e-02
9.300000e-01 1.277639e-02
9.310000e-01 1.259676e-02
9.320000e-01 1.241700e-02
9.330000e-01 1.223713e-02
9.340000e-01 1.205713e-02
9.350000e-01 1.187701e-02
9.360000e-01 1.169678e-02
9.370000e-01 1.151643e-02
9.380000e-01 1.133596e-02
9.390000e-01 1.115539e-02
9.400000e-01 1.097470e-02
9.410000e-01 1.079391e-02
9.420000e-01 1.061301e-02
9.430000e-01 1.043200e-02
9.440000e-01 1.025089e-02
9.450000e-01 1.006968e-02
9.460000e-01 9.888374e-03
9.470000e-01 9.706967e-03
9.480000e-01 9.525465e-03
9.490000e-01 9.343869e-03
9.500000e-01 9.162180e-03
9.510000e-01 8.980401e-03
9.520000e-01 8.798534e-03
9.530000e-01 8.616579e-03
9.540000e-01 8.434540e-03
9.550000e-01 8.252417e-03
9.560000e-01 8.070213e-03
9.570000e-01 7.887929e-03
9.580000e-01 7.705568e-03
9.590000e-01 7.523130e-03
9.600000e-01 7.340618e-03
9.610000e-01 7.158034e-03
9.620000e-01 6.975379e-03
9.630000e-01 6.792655e-03
9.640000e-01 6.609864e-03
9.650000e-01 6.427008e-03
9.660000e-01 6.244088e-03
9.670000e-01 6.061107e-03
9.680000e-01 5.878066e-03
9.690000e-01 5.694967e-03
9.700000e-01 5.511812e-03
9.710000e-01 5.328602e-03
9.720000e-01 5.145340e-03
9.730000e-01 4.962027e-03
9.740000e-01 4.778665e-03
9.750000e-01 4.595256e-03
9.760000e-01 4.411801e-03
9.770000e-01 4.228303e-03
9.780000e-01 4.044763e-03
9.790000e-01 3.861184e-03
9.800000e-01 3.677566e-03
9.810000e-01 3.493912e-03
9.820000e-01 3.310223e-03
9.830000e-01 3.126502e-03
9.840000e-01 2.942750e-03
9.850000e-01 2.758969e-03
9.860000e-01 2.575160e-03
9.870000e-01 2.391326e-03
9.880000e-01 2.207469e-03
9.890000e-01 2.023590e-03
9.900000e-01 1.839691e-03
9.910000e-01 1.655773e-03
9.920000e-01 1.471840e-03
9.930000e-01 1.287892e-03
9.940000e-01 1.103931e-03
9.950000e-01 9.199589e-04
9.960000e-01 7.359780e-04
9.970000e-01 5.519898e-04
9.980000e-01 3.679963e-04
9.990000e-01 1.839990e-04
