0.000000e+00 0.000000e+00
1.000000e-03 1.345903e-04
2.000000e-03 2.691808e-04
3.000000e-03 4.037715e-04
4.000000e-03 5.383626e-04
5.000000e-03 6.729543e-04
6.000000e-03 8.075466e-04
7.000000e-03 9.421397e-04
8.000000e-03 1.076734e-03
9.000000e-03 1.211329e-03
1.000000e-02 1.345925e-03
1.100000e-02 1.480523e-03
1.200000e-02 1.615122e-03
1.300000e-02 1.749723e-03
1.400000e-02 1.884325e-03
1.500000e-02 2.018930e-03
1.600000e-02 2.153536e-03
1.700000e-02 2.288144e-03
1.800000e-02 2.422755e-03
1.900000e-02 2.557368e-03
2.000000e-02 2.691984e-03
2.100000e-02 2.826602e-03
2.200000e-02 2.961223e-03
2.300000e-02 3.095846e-03
2.400000e-02 3.230473e-03
2.500000e-02 3.365103e-03
2.600000e-02 3.499736e-03
2.700000e-02 3.634372e-03
2.800000e-02 3.769012e-03
2.900000e-02 3.903655e-03
3.000000e-02 4.038302e-03
3.100000e-02 4.172953e-03
3.200000e-02 4.307608e-03
3.300000e-02 4.442266e-03
3.400000e-02 4.576929e-03
3.500000e-02 4.711596e-03
3.600000e-02 4.846267e-03
3.700000e-02 4.980943e-03
3.800000e-02 5.115623e-03
3.900000e-02 5.250308e-03
4.000000e-02 5.384997e-03
4.100000e-02 5.519691e-03
4.200000e-02 5.654390e-03
4.300000e-02 5.789094e-03
4.400000e-02 5.923803e-03
4.500000e-02 6.058517e-03
4.600000e-02 6.193236e-03
4.700000e-02 6.327960e-03
4.800000e-02 6.462690e-03
4.900000e-02 6.597425e-03
5.000000e-02 6.732165e-03
5.100000e-02 6.866911e-03
5.200000e-02 7.001663e-03
5.300000e-02 7.136420e-03
5.400000e-02 7.271183e-03
5.500000e-02 7.405951e-03
5.600000e-02 7.540725e-03
5.700000e-02 7.675506e-03
5.800000e-02 7.810292e-03
5.900000e-02 7.945084e-03
6.000000e-02 8.079881e-03
6.100000e-02 8.214685e-03
6.200000e-02 8.349495e-03
6.300000e-02 8.484311e-03
6.400000e-02 8.619133e-03
6.500000e-02 8.753961e-03
6.600000e-02 8.888795e-03
6.700000e-02 9.023635e-03
6.800000e-02 9.158481e-03
6.900000e-02 9.293333e-03
7.000000e-02 9.428192e-03
7.100000e-02 9.563056e-03
7.200000e-02 9.697927e-03
7.300000e-02 9.832803e-03
7.400000e-02 9.967686e-03
7.500000e-02 1.010257e-02
7.600000e-02 1.023747e-02
7.700000e-02 1.037237e-02
7.800000e-02 1.050728e-02
7.900000e-02 1.064219e-02
8.000000e-02 1.077711e-02
8.100000e-02 1.091203e-02
8.200000e-02 1.104696e-02
8.300000e-02 1.118190e-02
8.400000e-02 1.131684e-02
8.500000e-02 1.145178e-02
8.600000e-02 1.158674e-02
8.700000e-02 1.172169e-02
8.800000e-02 1.185666e-02
8.900000e-02 1.199163e-02
9.000000e-02 1.212660e-02
9.100000e-02 1.226158e-02
9.200000e-02 1.239656e-02
9.300000e-02 1.253155e-02
9.400000e-02 1.266654e-02
9.500000e-02 1.280154e-02
9.600000e-02 1.293654e-02
9.700000e-02 1.307155e-02
9.800000e-02 1.320656e-02
9.900000e-02 1.334157e-02
1.000000e-01 1.347659e-02
1.010000e-01 1.361162e-02
1.020000e-01 1.374664e-02
1.030000e-01 1.388167e-02
1.040000e-01 1.401671e-02
1.050000e-01 1.415174e-02
1.060000e-01 1.428678e-02
1.070000e-01 1.442183e-02
1.080000e-01 1.455687e-02
1.090000e-01 1.469192e-02
1.100000e-01 1.482697e-02
1.110000e-01 1.496202e-02
1.120000e-01 1.509708e-02
1.130000e-01 1.523213e-02
1.140000e-01 1.536719e-02
1.150000e-01 1.550225e-02
1.160000e-01 1.563731e-02
1.170000e-01 1.577237e-02
1.180000e-01 1.590743e-02
1.190000e-01 1.604249e-02
1.200000e-01 1.617755e-02
1.210000e-01 1.631261e-02
1.220000e-01 1.644767e-02
1.230000e-01 1.658273e-02
1.240000e-01 1.671778e-02
1.250000e-01 1.685284e-02
1.260000e-01 1.698790e-02
1.270000e-01 1.712295e-02
1.280000e-01 1.725800e-02
1.290000e-01 1.739305e-02
1.300000e-01 1.752809e-02
1.310000e-01 1.766313e-02
1.320000e-01 1.779817e-02
1.330000e-01 1.793321e-02
1.340000e-01 1.806824e-02
1.350000e-01 1.820326e-02
1.360000e-01 1.833828e-02
1.370000e-01 1.847330e-02
1.380000e-01 1.860831e-02
1.390000e-01 1.874331e-02
1.400000e-01 1.887831e-02
1.410000e-01 1.901329e-02
1.420000e-01 1.914828e-02
1.430000e-01 1.928325e-02
1.440000e-01 1.941822e-02
1.450000e-01 1.955318e-02
1.460000e-01 1.968812e-02
1.470000e-01 1.982306e-02
1.480000e-01 1.995799e-02
1.490000e-01 2.009291e-02
1.500000e-01 2.022782e-02
1.510000e-01 2.036272e-02
1.520000e-01 2.049760e-02
1.530000e-01 2.063248e-02
1.540000e-01 2.076734e-02
1.550000e-01 2.090218e-02
1.560000e-01 2.103702e-02
1.570000e-01 2.117184e-02
1.580000e-01 2.130664e-02
1.590000e-01 2.144143e-02
1.600000e-01 2.157620e-02
1.610000e-01 2.171096e-02
1.620000e-01 2.184570e-02
1.630000e-01 2.198042e-02
1.640000e-01 2.211513e-02
1.650000e-01 2.224981e-02
1.660000e-01 2.238448e-02
1.670000e-01 2.251913e-02
1.680000e-01 2.265375e-02
1.690000e-01 2.278836e-02
1.700000e-01 2.292294e-02
1.710000e-01 2.305750e-02
1.720000e-01 2.319204e-02
1.730000e-01 2.332656e-02
1.740000e-01 2.346105e-02
1.750000e-01 2.359552e-02
1.760000e-01 2.372996e-02
1.770000e-01 2.386437e-02
1.780000e-01 2.399876e-02
1.790000e-01 2.413312e-02
1.800000e-01 2.426745e-02
1.810000e-01 2.440176e-02
1.820000e-01 2.453603e-02
1.830000e-01 2.467028e-02
1.840000e-01 2.480449e-02
1.850000e-01 2.493867e-02
1.860000e-01 2.507282e-02
1.870000e-01 2.520694e-02
1.880000e-01 2.534102e-02
1.890000e-01 2.547506e-02
1.900000e-01 2.560908e-02
1.910000e-01 2.574305e-02
1.920000e-01 2.587699e-02
1.930000e-01 2.601089e-02
1.940000e-01 2.614475e-02
1.950000e-01 2.627857e-02
1.960000e-01 2.641236e-02
1.970000e-01 2.654610e-02
1.980000e-01 2.667980e-02
1.990000e-01 2.681345e-02
2.000000e-01 2.694706e-02
2.010000e-01 2.708063e-02
2.020000e-01 2.721415e-02
2.030000e-01 2.734763e-02
2.040000e-01 2.748106e-02
2.050000e-01 2.761444e-02
2.060000e-01 2.774777e-02
2.070000e-01 2.788106e-02
2.080000e-01 2.801429e-02
2.090000e-01 2.814747e-02
2.100000e-01 2.828059e-02
2.110000e-01 2.841367e-02
2.120000e-01 2.854669e-02
2.130000e-01 2.867965e-02
2.140000e-01 2.881256e-02
2.150000e-01 2.894541e-02
2.160000e-01 2.907820e-02
2.170000e-01 2.921093e-02
2.180000e-01 2.934360e-02
2.190000e-01 2.947621e-02
2.200000e-01 2.960876e-02
2.210000e-01 2.974124e-02
2.220000e-01 2.987366e-02
2.230000e-01 3.000601e-02
2.240000e-01 3.013830e-02
2.250000e-01 3.027052e-02
2.260000e-01 3.040267e-02
2.270000e-01 3.053475e-02
2.280000e-01 3.066676e-02
2.290000e-01 3.079870e-02
2.300000e-01 3.093056e-02
2.310000e-01 3.106235e-02
2.320000e-01 3.119407e-02
2.330000e-01 3.132570e-02
2.340000e-01 3.145726e-02
2.350000e-01 3.158875e-02
2.360000e-01 3.172015e-02
2.370000e-01 3.185147e-02
2.380000e-01 3.198271e-02
2.390000e-01 3.211386e-02
2.400000e-01 3.224493e-02
2.410000e-01 3.237592e-02
2.420000e-01 3.250681e-02
2.430000e-01 3.263762e-02
2.440000e-01 3.276834e-02
2.450000e-01 3.289897e-02
2.460000e-01 3.302951e-02
2.470000e-01 3.315995e-02
2.480000e-01 3.329030e-02
2.490000e-01 3.342055e-02
2.500000e-01 3.355071e-02
2.510000e-01 3.368077e-02
2.520000e-01 3.381072e-02
2.530000e-01 3.394058e-02
2.540000e-01 3.407034e-02
2.550000e-01 3.419999e-02
2.560000e-01 3.432953e-02
2.570000e-01 3.445898e-02
2.580000e-01 3.458831e-02
2.590000e-01 3.471753e-02
2.600000e-01 3.484665e-02
2.610000e-01 3.497565e-02
2.620000e-01 3.510454e-02
2.630000e-01 3.523331e-02
2.640000e-01 3.536197e-02
2.650000e-01 3.549052e-02
2.660000e-01 3.561894e-02
2.670000e-01 3.574725e-02
2.680000e-01 3.587543e-02
2.690000e-01 3.600349e-02
2.700000e-01 3.613142e-02
2.710000e-01 3.625924e-02
2.720000e-01 3.638692e-02
2.730000e-01 3.651447e-02
2.740000e-01 3.664190e-02
2.750000e-01 3.676919e-02
2.760000e-01 3.689635e-02
2.770000e-01 3.702338e-02
2.780000e-01 3.715027e-02
2.790000e-01 3.727702e-02
2.800000e-01 3.740364e-02
2.810000e-01 3.753011e-02
2.820000e-01 3.765644e-02
2.830000e-01 3.778263e-02
2.840000e-01 3.790867e-02
2.850000e-01 3.803457e-02
2.860000e-01 3.816032e-02
2.870000e-01 3.828591e-02
2.880000e-01 3.841136e-02
2.890000e-01 3.853666e-02
2.900000e-01 3.866180e-02
2.910000e-01 3.878678e-02
2.920000e-01 3.891161e-02
2.930000e-01 3.903627e-02
2.940000e-01 3.916078e-02
2.950000e-01 3.928512e-02
2.960000e-01 3.940930e-02
2.970000e-01 3.953331e-02
2.980000e-01 3.965716e-02
2.990000e-01 3.978084e-02
3.000000e-01 3.990434e-02
3.010000e-01 4.002768e-02
3.020000e-01 4.015084e-02
3.030000e-01 4.027382e-02
3.040000e-01 4.039663e-02
3.050000e-01 4.051926e-02
3.060000e-01 4.064170e-02
3.070000e-01 4.076397e-02
3.080000e-01 4.088605e-02
3.090000e-01 4.100794e-02
3.100000e-01 4.112965e-02
3.110000e-01 4.125116e-02
3.120000e-01 4.137249e-02
3.130000e-01 4.149362e-02
3.140000e-01 4.161456e-02
3.150000e-01 4.173530e-02
3.160000e-01 4.185584e-02
3.170000e-01 4.197619e-02
3.180000e-01 4.209633e-02
3.190000e-01 4.221626e-02
3.200000e-01 4.233600e-02
3.210000e-01 4.245552e-02
3.220000e-01 4.257484e-02
3.230000e-01 4.269394e-02
3.240000e-01 4.281284e-02
3.250000e-01 4.293152e-02
3.260000e-01 4.304998e-02
3.270000e-01 4.316822e-02
3.280000e-01 4.328625e-02
3.290000e-01 4.340405e-02
3.300000e-01 4.352163e-02
3.310000e-01 4.363898e-02
3.320000e-01 4.375611e-02
3.330000e-01 4.387300e-02
3.340000e-01 4.398967e-02
3.350000e-01 4.410610e-02
3.360000e-01 4.422230e-02
3.370000e-01 4.433826e-02
3.380000e-01 4.445398e-02
3.390000e-01 4.456946e-02
3.400000e-01 4.468470e-02
3.410000e-01 4.479970e-02
3.420000e-01 4.491444e-02
3.430000e-01 4.502894e-02
3.440000e-01 4.514319e-02
3.450000e-01 4.525719e-02
3.460000e-01 4.537093e-02
3.470000e-01 4.548442e-02
3.480000e-01 4.559765e-02
3.490000e-01 4.571062e-02
3.500000e-01 4.582333e-02
3.510000e-01 4.593577e-02
3.520000e-01 4.604795e-02
3.530000e-01 4.615986e-02
3.540000e-01 4.627150e-02
3.550000e-01 4.638287e-02
3.560000e-01 4.649396e-02
3.570000e-01 4.660478e-02
3.580000e-01 4.671532e-02
3.590000e-01 4.682558e-02
3.600000e-01 4.693556e-02
3.610000e-01 4.704526e-02
3.620000e-01 4.715467e-02
3.630000e-01 4.726379e-02
3.640000e-01 4.737262e-02
3.650000e-01 4.748116e-02
3.660000e-01 4.758941e-02
3.670000e-01 4.769736e-02
3.680000e-01 4.780501e-02
3.690000e-01 4.791236e-02
3.700000e-01 4.801941e-02
3.710000e-01 4.812615e-02
3.720000e-01 4.823259e-02
3.730000e-01 4.833872e-02
3.740000e-01 4.844454e-02
3.750000e-01 4.855005e-02
3.760000e-01 4.865524e-02
3.770000e-01 4.876012e-02
3.780000e-01 4.886468e-02
3.790000e-01 4.896892e-02
3.800000e-01 4.907283e-02
3.810000e-01 4.917642e-02
3.820000e-01 4.927968e-02
3.830000e-01 4.938262e-02
3.840000e-01 4.948522e-02
3.850000e-01 4.958749e-02
3.860000e-01 4.968942e-02
3.870000e-01 4.979102e-02
3.880000e-01 4.989227e-02
3.890000e-01 4.999319e-02
3.900000e-01 5.009376e-02
3.910000e-01 5.019398e-02
3.920000e-01 5.029386e-02
3.930000e-01 5.039339e-02
3.940000e-01 5.049256e-02
3.950000e-01 5.059138e-02
3.960000e-01 5.068984e-02
3.970000e-01 5.078794e-02
3.980000e-01 5.088569e-02
3.990000e-01 5.098307e-02
4.000000e-01 5.108008e-02
4.010000e-01 5.117673e-02
4.020000e-01 5.127301e-02
4.030000e-01 5.136892e-02
4.040000e-01 5.146445e-02
4.050000e-01 5.155961e-02
4.060000e-01 5.165438e-02
4.070000e-01 5.174878e-02
4.080000e-01 5.184280e-02
4.090000e-01 5.193643e-02
4.100000e-01 5.202968e-02
4.110000e-01 5.212254e-02
4.120000e-01 5.221500e-02
4.130000e-01 5.230707e-02
4.140000e-01 5.239875e-02
4.150000e-01 5.249003e-02
4.160000e-01 5.258091e-02
4.170000e-01 5.267139e-02
4.180000e-01 5.276147e-02
4.190000e-01 5.285114e-02
4.200000e-01 5.294040e-02
4.210000e-01 5.302925e-02
4.220000e-01 5.311769e-02
4.230000e-01 5.320571e-02
4.240000e-01 5.329332e-02
4.250000e-01 5.338050e-02
4.260000e-01 5.346727e-02
4.270000e-01 5.355361e-02
4.280000e-01 5.363953e-02
4.290000e-01 5.372502e-02
4.300000e-01 5.381008e-02
4.310000e-01 5.389471e-02
4.320000e-01 5.397891e-02
4.330000e-01 5.406266e-02
4.340000e-01 5.414598e-02
4.350000e-01 5.422886e-02
4.360000e-01 5.431130e-02
4.370000e-01 5.439329e-02
4.380000e-01 5.447484e-02
4.390000e-01 5.455593e-02
4.400000e-01 5.463657e-02
4.410000e-01 5.471676e-02
4.420000e-01 5.479650e-02
4.430000e-01 5.487578e-02
4.440000e-01 5.495459e-02
4.450000e-01 5.503295e-02
4.460000e-01 5.511084e-02
4.470000e-01 5.518826e-02
4.480000e-01 5.526522e-02
4.490000e-01 5.534170e-02
4.500000e-01 5.541771e-02
4.510000e-01 5.549325e-02
4.520000e-01 5.556831e-02
4.530000e-01 5.564289e-02
4.540000e-01 5.571699e-02
4.550000e-01 5.579060e-02
4.560000e-01 5.586373e-02
4.570000e-01 5.593638e-02
4.580000e-01 5.600853e-02
4.590000e-01 5.608019e-02
4.600000e-01 5.615135e-02
4.610000e-01 5.622202e-02
4.620000e-01 5.629219e-02
4.630000e-01 5.636187e-02
4.640000e-01 5.643103e-02
4.650000e-01 5.649970e-02
4.660000e-01 5.656785e-02
4.670000e-01 5.663550e-02
4.680000e-01 5.670264e-02
4.690000e-01 5.676926e-02
4.700000e-01 5.683537e-02
4.710000e-01 5.690096e-02
4.720000e-01 5.696603e-02
4.730000e-01 5.703058e-02
4.740000e-01 5.709461e-02
4.750000e-01 5.715811e-02
4.760000e-01 5.722108e-02
4.770000e-01 5.728352e-02
4.780000e-01 5.734543e-02
4.790000e-01 5.740681e-02
4.800000e-01 5.746765e-02
4.810000e-01 5.752796e-02
4.820000e-01 5.758772e-02
4.830000e-01 5.764694e-02
4.840000e-01 5.770562e-02
4.850000e-01 5.776375e-02
4.860000e-01 5.782133e-02
4.870000e-01 5.787837e-02
4.880000e-01 5.793485e-02
4.890000e-01 5.799077e-02
4.900000e-01 5.804614e-02
4.910000e-01 5.810095e-02
4.920000e-01 5.815521e-02
4.930000e-01 5.820889e-02
4.940000e-01 5.826202e-02
4.950000e-01 5.831458e-02
4.960000e-01 5.836657e-02
4.970000e-01 5.841799e-02
4.980000e-01 5.846884e-02
4.990000e-01 5.851911e-02
5.000000e-01 5.856881e-02
5.010000e-01 5.861793e-02
5.020000e-01 5.866647e-02
5.030000e-01 5.871443e-02
5.040000e-01 5.876180e-02
5.050000e-01 5.880859e-02
5.060000e-01 5.885479e-02
5.070000e-01 5.890040e-02
5.080000e-01 5.894542e-02
5.090000e-01 5.898984e-02
5.100000e-01 5.903367e-02
5.110000e-01 5.907691e-02
5.120000e-01 5.911954e-02
5.130000e-01 5.916157e-02
5.140000e-01 5.920300e-02
5.150000e-01 5.924383e-02
5.160000e-01 5.928405e-02
5.170000e-01 5.932366e-02
5.180000e-01 5.936266e-02
5.190000e-01 5.940104e-02
5.200000e-01 5.943882e-02
5.210000e-01 5.947598e-02
5.220000e-01 5.951252e-02
5.230000e-01 5.954844e-02
5.240000e-01 5.958374e-02
5.250000e-01 5.961841e-02
5.260000e-01 5.965246e-02
5.270000e-01 5.968589e-02
5.280000e-01 5.971869e-02
5.290000e-01 5.975085e-02
5.300000e-01 5.978239e-02
5.310000e-01 5.981329e-02
5.320000e-01 5.984355e-02
5.330000e-01 5.987318e-02
5.340000e-01 5.990217e-02
5.350000e-01 5.993052e-02
5.360000e-01 5.995823e-02
5.370000e-01 5.998529e-02
5.380000e-01 6.001171e-02
5.390000e-01 6.003748e-02
5.400000e-01 6.006260e-02
5.410000e-01 6.008707e-02
5.420000e-01 6.011088e-02
5.430000e-01 6.013405e-02
5.440000e-01 6.015656e-02
5.450000e-01 6.017841e-02
5.460000e-01 6.019960e-02
5.470000e-01 6.022013e-02
5.480000e-01 6.024000e-02
5.490000e-01 6.025920e-02
5.500000e-01 6.027774e-02
5.510000e-01 6.029562e-02
5.520000e-01 6.031282e-02
5.530000e-01 6.032936e-02
5.540000e-01 6.034522e-02
5.550000e-01 6.036041e-02
5.560000e-01 6.037493e-02
5.570000e-01 6.038877e-02
5.580000e-01 6.040193e-02
5.590000e-01 6.041441e-02
5.600000e-01 6.042621e-02
5.610000e-01 6.043733e-02
5.620000e-01 6.044777e-02
5.630000e-01 6.045752e-02
5.640000e-01 6.046659e-02
5.650000e-01 6.047496e-02
5.660000e-01 6.048265e-02
5.670000e-01 6.048965e-02
5.680000e-01 6.049595e-02
5.690000e-01 6.050156e-02
5.700000e-01 6.050648e-02
5.710000e-01 6.051070e-02
5.720000e-01 6.051422e-02
5.730000e-01 6.051705e-02
5.740000e-01 6.051917e-02
5.750000e-01 6.052059e-02
5.760000e-01 6.052131e-02
5.770000e-01 6.052132e-02
5.780000e-01 6.052063e-02
5.790000e-01 6.051923e-02
5.800000e-01 6.051712e-02
5.810000e-01 6.051431e-02
5.820000e-01 6.051078e-02
5.830000e-01 6.050654e-02
5.840000e-01 6.050159e-02
5.850000e-01 6.049592e-02
5.860000e-01 6.048954e-02
5.870000e-01 6.048244e-02
5.880000e-01 6.047463e-02
5.890000e-01 6.046609e-02
5.900000e-01 6.045683e-02
5.910000e-01 6.044686e-02
5.920000e-01 6.043616e-02
5.930000e-01 6.042473e-02
5.940000e-01 6.041258e-02
5.950000e-01 6.039971e-02
5.960000e-01 6.038611e-02
5.970000e-01 6.037178e-02
5.980000e-01 6.035672e-02
5.990000e-01 6.034093e-02
6.000000e-01 6.032441e-02
6.010000e-01 6.030716e-02
6.020000e-01 6.028917e-02
6.030000e-01 6.027045e-02
6.040000e-01 6.025100e-02
6.050000e-01 6.023081e-02
6.060000e-01 6.020988e-02
6.070000e-01 6.018821e-02
6.080000e-01 6.016580e-02
6.090000e-01 6.014266e-02
6.100000e-01 6.011877e-02
6.110000e-01 6.009414e-02
6.120000e-01 6.006877e-02
6.130000e-01 6.004266e-02
6.140000e-01 6.001580e-02
6.150000e-01 5.998820e-02
6.160000e-01 5.995985e-02
6.170000e-01 5.993075e-02
6.180000e-01 5.990090e-02
6.190000e-01 5.987031e-02
6.200000e-01 5.983897e-02
6.210000e-01 5.980688e-02
6.220000e-01 5.977403e-02
6.230000e-01 5.974044e-02
6.240000e-01 5.970609e-02
6.250000e-01 5.967099e-02
6.260000e-01 5.963514e-02
6.270000e-01 5.959853e-02
6.280000e-01 5.956117e-02
6.290000e-01 5.952305e-02
6.300000e-01 5.948418e-02
6.310000e-01 5.944455e-02
6.320000e-01 5.940416e-02
6.330000e-01 5.936302e-02
6.340000e-01 5.932111e-02
6.350000e-01 5.927845e-02
6.360000e-01 5.923502e-02
6.370000e-01 5.919084e-02
6.380000e-01 5.914590e-02
6.390000e-01 5.910019e-02
6.400000e-01 5.905372e-02
6.410000e-01 5.900649e-02
6.420000e-01 5.895850e-02
6.430000e-01 5.890974e-02
6.440000e-01 5.886022e-02
6.450000e-01 5.880994e-02
6.460000e-01 5.875889e-02
6.470000e-01 5.870708e-02
6.480000e-01 5.865450e-02
6.490000e-01 5.860116e-02
6.500000e-01 5.854705e-02
6.510000e-01 5.849218e-02
6.520000e-01 5.843654e-02
6.530000e-01 5.838013e-02
6.540000e-01 5.832295e-02
6.550000e-01 5.826501e-02
6.560000e-01 5.820630e-02
6.570000e-01 5.814682e-02
6.580000e-01 5.808657e-02
6.590000e-01 5.802556e-02
6.600000e-01 5.796377e-02
6.610000e-01 5.790122e-02
6.620000e-01 5.783790e-02
6.630000e-01 5.777381e-02
6.640000e-01 5.770895e-02
6.650000e-01 5.764332e-02
6.660000e-01 5.757693e-02
6.670000e-01 5.750976e-02
6.680000e-01 5.744182e-02
6.690000e-01 5.737312e-02
6.700000e-01 5.730364e-02
6.710000e-01 5.723340e-02
6.720000e-01 5.716238e-02
6.730000e-01 5.709060e-02
6.740000e-01 5.701804e-02
6.750000e-01 5.694472e-02
6.760000e-01 5.687063e-02
6.770000e-01 5.679577e-02
6.780000e-01 5.672013e-02
6.790000e-01 5.664373e-02
6.800000e-01 5.656656e-02
6.810000e-01 5.648862e-02
6.820000e-01 5.640992e-02
6.830000e-01 5.633044e-02
6.840000e-01 5.625020e-02
6.850000e-01 5.616918e-02
6.860000e-01 5.608740e-02
6.870000e-01 5.600485e-02
6.880000e-01 5.592154e-02
6.890000e-01 5.583745e-02
6.900000e-01 5.575260e-02
6.910000e-01 5.566698e-02
6.920000e-01 5.558060e-02
6.930000e-01 5.549345e-02
6.940000e-01 5.540553e-02
6.950000e-01 5.531685e-02
6.960000e-01 5.522741e-02
6.970000e-01 5.513719e-02
6.980000e-01 5.504622e-02
6.990000e-01 5.495448e-02
7.000000e-01 5.486198e-02
7.010000e-01 5.476871e-02
7.020000e-01 5.467469e-02
7.030000e-01 5.457990e-02
7.040000e-01 5.448434e-02
7.050000e-01 5.438803e-02
7.060000e-01 5.429096e-02
7.070000e-01 5.419313e-02
7.080000e-01 5.409454e-02
7.090000e-01 5.399519e-02
7.100000e-01 5.389508e-02
7.110000e-01 5.379421e-02
7.120000e-01 5.369259e-02
7.130000e-01 5.359021e-02
7.140000e-01 5.348708e-02
7.150000e-01 5.338319e-02
7.160000e-01 5.327855e-02
7.170000e-01 5.317315e-02
7.180000e-01 5.306700e-02
7.190000e-01 5.296010e-02
7.200000e-01 5.285245e-02
7.210000e-01 5.274405e-02
7.220000e-01 5.263489e-02
7.230000e-01 5.252499e-02
7.240000e-01 5.241435e-02
7.250000e-01 5.230295e-02
7.260000e-01 5.219081e-02
7.270000e-01 5.207792e-02
7.280000e-01 5.196429e-02
7.290000e-01 5.184991e-02
7.300000e-01 5.173480e-02
7.310000e-01 5.161894e-02
7.320000e-01 5.150234e-02
7.330000e-01 5.138500e-02
7.340000e-01 5.126692e-02
7.350000e-01 5.114811e-02
7.360000e-01 5.102855e-02
7.370000e-01 5.090827e-02
7.380000e-01 5.078724e-02
7.390000e-01 5.066549e-02
7.400000e-01 5.054300e-02
7.410000e-01 5.041978e-02
7.420000e-01 5.029583e-02
7.430000e-01 5.017115e-02
7.440000e-01 5.004575e-02
7.450000e-01 4.991961e-02
7.460000e-01 4.979276e-02
7.470000e-01 4.966517e-02
7.480000e-01 4.953687e-02
7.490000e-01 4.940784e-02
7.500000e-01 4.927810e-02
7.510000e-01 4.914763e-02
7.520000e-01 4.901644e-02
7.530000e-01 4.888454e-02
7.540000e-01 4.875193e-02
7.550000e-01 4.861860e-02
7.560000e-01 4.848455e-02
7.570000e-01 4.834980e-02
7.580000e-01 4.821434e-02
7.590000e-01 4.807816e-02
7.600000e-01 4.794128e-02
7.610000e-01 4.780370e-02
7.620000e-01 4.766541e-02
7.630000e-01 4.752642e-02
7.640000e-01 4.738673e-02
7.650000e-01 4.724634e-02
7.660000e-01 4.710524e-02
7.670000e-01 4.696346e-02
7.680000e-01 4.682098e-02
7.690000e-01 4.667780e-02
7.700000e-01 4.653393e-02
7.710000e-01 4.638938e-02
7.720000e-01 4.624413e-02
7.730000e-01 4.609820e-02
7.740000e-01 4.595158e-02
7.750000e-01 4.580428e-02
7.760000e-01 4.565629e-02
7.770000e-01 4.550763e-02
7.780000e-01 4.535828e-02
7.790000e-01 4.520826e-02
7.800000e-01 4.505757e-02
7.810000e-01 4.490620e-02
7.820000e-01 4.475416e-02
7.830000e-01 4.460145e-02
7.840000e-01 4.444807e-02
7.850000e-01 4.429403e-02
7.860000e-01 4.413932e-02
7.870000e-01 4.398395e-02
7.880000e-01 4.382792e-02
7.890000e-01 4.367122e-02
7.900000e-01 4.351388e-02
7.910000e-01 4.335587e-02
7.920000e-01 4.319722e-02
7.930000e-01 4.303791e-02
7.940000e-01 4.287796e-02
7.950000e-01 4.271735e-02
7.960000e-01 4.255610e-02
7.970000e-01 4.239421e-02
7.980000e-01 4.223168e-02
7.990000e-01 4.206851e-02
8.000000e-01 4.190470e-02
8.010000e-01 4.174025e-02
8.020000e-01 4.157518e-02
8.030000e-01 4.140947e-02
8.040000e-01 4.124313e-02
8.050000e-01 4.107617e-02
8.060000e-01 4.090858e-02
8.070000e-01 4.074037e-02
8.080000e-01 4.057154e-02
8.090000e-01 4.040209e-02
8.100000e-01 4.023203e-02
8.110000e-01 4.006135e-02
8.120000e-01 3.989007e-02
8.130000e-01 3.971817e-02
8.140000e-01 3.954566e-02
8.150000e-01 3.937255e-02
8.160000e-01 3.919884e-02
8.170000e-01 3.902453e-02
8.180000e-01 3.884962e-02
8.190000e-01 3.867412e-02
8.200000e-01 3.849802e-02
8.210000e-01 3.832133e-02
8.220000e-01 3.814406e-02
8.230000e-01 3.796619e-02
8.240000e-01 3.778775e-02
8.250000e-01 3.760872e-02
8.260000e-01 3.742912e-02
8.270000e-01 3.724893e-02
8.280000e-01 3.706818e-02
8.290000e-01 3.688685e-02
8.300000e-01 3.670496e-02
8.310000e-01 3.652249e-02
8.320000e-01 3.633947e-02
8.330000e-01 3.615588e-02
8.340000e-01 3.597174e-02
8.350000e-01 3.578704e-02
8.360000e-01 3.560178e-02
8.370000e-01 3.541597e-02
8.380000e-01 3.522962e-02
8.390000e-01 3.504272e-02
8.400000e-01 3.485527e-02
8.410000e-01 3.466729e-02
8.420000e-01 3.447877e-02
8.430000e-01 3.428971e-02
8.440000e-01 3.410012e-02
8.450000e-01 3.391000e-02
8.460000e-01 3.371935e-02
8.470000e-01 3.352818e-02
8.480000e-01 3.333649e-02
8.490000e-01 3.314427e-02
8.500000e-01 3.295154e-02
8.510000e-01 3.275830e-02
8.520000e-01 3.256455e-02
8.530000e-01 3.237029e-02
8.540000e-01 3.217552e-02
8.550000e-01 3.198025e-02
8.560000e-01 3.178448e-02
8.570000e-01 3.158822e-02
8.580000e-01 3.139146e-02
8.590000e-01 3.119420e-02
8.600000e-01 3.099647e-02
8.610000e-01 3.079824e-02
8.620000e-01 3.059953e-02
8.630000e-01 3.040035e-02
8.640000e-01 3.020069e-02
8.650000e-01 3.000055e-02
8.660000e-01 2.979994e-02
8.670000e-01 2.959887e-02
8.680000e-01 2.939733e-02
8.690000e-01 2.919533e-02
8.700000e-01 2.899286e-02
8.710000e-01 2.878995e-02
8.720000e-01 2.858658e-02
8.730000e-01 2.838276e-02
8.740000e-01 2.817849e-02
8.750000e-01 2.797378e-02
8.760000e-01 2.776863e-02
8.770000e-01 2.756304e-02
8.780000e-01 2.735702e-02
8.790000e-01 2.715057e-02
8.800000e-01 2.694369e-02
8.810000e-01 2.673638e-02
8.820000e-01 2.652865e-02
8.830000e-01 2.632050e-02
8.840000e-01 2.611193e-02
8.850000e-01 2.590295e-02
8.860000e-01 2.569357e-02
8.870000e-01 2.548377e-02
8.880000e-01 2.527358e-02
8.890000e-01 2.506298e-02
8.900000e-01 2.485198e-02
8.910000e-01 2.464060e-02
8.920000e-01 2.442882e-02
8.930000e-01 2.421665e-02
8.940000e-01 2.400410e-02
8.950000e-01 2.379117e-02
8.960000e-01 2.357786e-02
8.970000e-01 2.336418e-02
8.980000e-01 2.315013e-02
8.990000e-01 2.293571e-02
9.000000e-01 2.272092e-02
9.010000e-01 2.250577e-02
9.020000e-01 2.229027e-02
9.030000e-01 2.207441e-02
9.040000e-01 2.185820e-02
9.050000e-01 2.164164e-02
9.060000e-01 2.142474e-02
9.070000e-01 2.120750e-02
9.080000e-01 2.098992e-02
9.090000e-01 2.077200e-02
9.100000e-01 2.055375e-02
9.110000e-01 2.033518e-02
9.120000e-01 2.011628e-02
9.130000e-01 1.989706e-02
9.140000e-01 1.967753e-02
9.150000e-01 1.945768e-02
9.160000e-01 1.923751e-02
9.170000e-01 1.901705e-02
9.180000e-01 1.879627e-02
9.190000e-01 1.857520e-02
9.200000e-01 1.835383e-02
9.210000e-01 1.813217e-02
9.220000e-01 1.791022e-02
9.230000e-01 1.768798e-02
9.240000e-01 1.746546e-02
9.250000e-01 1.724266e-02
9.260000e-01 1.701958e-02
9.270000e-01 1.679623e-02
9.280000e-01 1.657262e-02
9.290000e-01 1.634873e-02
9.300000e-01 1.612459e-02
9.310000e-01 1.590018e-02
9.320000e-01 1.567553e-02
9.330000e-01 1.545062e-02
9.340000e-01 1.522546e-02
9.350000e-01 1.500006e-02
9.360000e-01 1.477442e-02
9.370000e-01 1.454854e-02
9.380000e-01 1.432243e-02
9.390000e-01 1.409609e-02
9.400000e-01 1.386952e-02
9.410000e-01 1.364273e-02
9.420000e-01 1.341572e-02
9.430000e-01 1.318849e-02
9.440000e-01 1.296106e-02
9.450000e-01 1.273341e-02
9.460000e-01 1.250556e-02
9.470000e-01 1.227751e-02
9.480000e-01 1.204927e-02
9.490000e-01 1.182083e-02
9.500000e-01 1.159220e-02
9.510000e-01 1.136338e-02
9.520000e-01 1.113438e-02
9.530000e-01 1.090520e-02
9.540000e-01 1.067584e-02
9.550000e-01 1.044632e-02
9.560000e-01 1.021662e-02
9.570000e-01 9.986765e-03
9.580000e-01 9.756745e-03
9.590000e-01 9.526569e-03
9.600000e-01 9.296239e-03
9.610000e-01 9.065760e-03
9.620000e-01 8.835134e-03
9.630000e-01 8.604367e-03
9.640000e-01 8.373461e-03
9.650000e-01 8.142419e-03
9.660000e-01 7.911247e-03
9.670000e-01 7.679948e-03
9.680000e-01 7.448524e-03
9.690000e-01 7.216981e-03
9.700000e-01 6.985321e-03
9.710000e-01 6.753549e-03
9.720000e-01 6.521668e-03
9.730000e-01 6.289681e-03
9.740000e-01 6.057594e-03
9.750000e-01 5.825408e-03
9.760000e-01 5.593129e-03
9.770000e-01 5.360760e-03
9.780000e-01 5.128304e-03
9.790000e-01 4.895766e-03
9.800000e-01 4.663148e-03
9.810000e-01 4.430455e-03
9.820000e-01 4.197691e-03
9.830000e-01 3.964859e-03
9.840000e-01 3.731964e-03
9.850000e-01 3.499008e-03
9.860000e-01 3.265995e-03
9.870000e-01 3.032930e-03
9.880000e-01 2.799816e-03
9.890000e-01 2.566657e-03
9.900000e-01 2.333456e-03
9.910000e-01 2.100218e-03
9.920000e-01 1.866946e-03
9.930000e-01 1.633643e-03
9.940000e-01 1.400315e-03
9.950000e-01 1.166963e-03
9.960000e-01 9.335934e-04
9.970000e-01 7.002082e-04
9.980000e-01 4.668117e-04
9.990000e-01 2.334078e-04
