0.000000e+00 0.000000e+00
1.000000e-03 3.491730e-05
2.000000e-03 6.983364e-05
3.000000e-03 1.047481e-04
4.000000e-03 1.396596e-04
5.000000e-03 1.745672e-04
6.000000e-03 2.094700e-04
7.000000e-03 2.443671e-04
8.000000e-03 2.792574e-04
9.000000e-03 3.141399e-04
1.000000e-02 3.490138e-04
1.100000e-02 3.838781e-04
1.200000e-02 4.187317e-04
1.300000e-02 4.535737e-04
1.400000e-02 4.884032e-04
1.500000e-02 5.232192e-04
1.600000e-02 5.580208e-04
1.700000e-02 5.928069e-04
1.800000e-02 6.275766e-04
1.900000e-02 6.623290e-04
2.000000e-02 6.970630e-04
2.100000e-02 7.317778e-04
2.200000e-02 7.664723e-04
2.300000e-02 8.011457e-04
2.400000e-02 8.357969e-04
2.500000e-02 8.704249e-04
2.600000e-02 9.050289e-04
2.700000e-02 9.396078e-04
2.800000e-02 9.741608e-04
2.900000e-02 1.008687e-03
3.000000e-02 1.043185e-03
3.100000e-02 1.077654e-03
3.200000e-02 1.112093e-03
3.300000e-02 1.146502e-03
3.400000e-02 1.180879e-03
3.500000e-02 1.215223e-03
3.600000e-02 1.249534e-03
3.700000e-02 1.283810e-03
3.800000e-02 1.318050e-03
3.900000e-02 1.352254e-03
4.000000e-02 1.386420e-03
4.100000e-02 1.420548e-03
4.200000e-02 1.454637e-03
4.300000e-02 1.488686e-03
4.400000e-02 1.522693e-03
4.500000e-02 1.556658e-03
4.600000e-02 1.590579e-03
4.700000e-02 1.624457e-03
4.800000e-02 1.658290e-03
4.900000e-02 1.692076e-03
5.000000e-02 1.725816e-03
5.100000e-02 1.759508e-03
5.200000e-02 1.793151e-03
5.300000e-02 1.826745e-03
5.400000e-02 1.860287e-03
5.500000e-02 1.893778e-03
5.600000e-02 1.927217e-03
5.700000e-02 1.960602e-03
5.800000e-02 1.993932e-03
5.900000e-02 2.027208e-03
6.000000e-02 2.060426e-03
6.100000e-02 2.093588e-03
6.200000e-02 2.126692e-03
6.300000e-02 2.159736e-03
6.400000e-02 2.192720e-03
6.500000e-02 2.225644e-03
6.600000e-02 2.258506e-03
6.700000e-02 2.291304e-03
6.800000e-02 2.324039e-03
6.900000e-02 2.356710e-03
7.000000e-02 2.389315e-03
7.100000e-02 2.421853e-03
7.200000e-02 2.454324e-03
7.300000e-02 2.486727e-03
7.400000e-02 2.519060e-03
7.500000e-02 2.551323e-03
7.600000e-02 2.583515e-03
7.700000e-02 2.615636e-03
7.800000e-02 2.647683e-03
7.900000e-02 2.679657e-03
8.000000e-02 2.711555e-03
8.100000e-02 2.743379e-03
8.200000e-02 2.775125e-03
8.300000e-02 2.806795e-03
8.400000e-02 2.838386e-03
8.500000e-02 2.869897e-03
8.600000e-02 2.901329e-03
8.700000e-02 2.932680e-03
8.800000e-02 2.963948e-03
8.900000e-02 2.995134e-03
9.000000e-02 3.026236e-03
9.100000e-02 3.057254e-03
9.200000e-02 3.088186e-03
9.300000e-02 3.119032e-03
9.400000e-02 3.149791e-03
9.500000e-02 3.180461e-03
9.600000e-02 3.211042e-03
9.700000e-02 3.241534e-03
9.800000e-02 3.271935e-03
9.900000e-02 3.302244e-03
1.000000e-01 3.332460e-03
1.010000e-01 3.362584e-03
1.020000e-01 3.392613e-03
1.030000e-01 3.422546e-03
1.040000e-01 3.452384e-03
1.050000e-01 3.482125e-03
1.060000e-01 3.511768e-03
1.070000e-01 3.541313e-03
1.080000e-01 3.570758e-03
1.090000e-01 3.600103e-03
1.100000e-01 3.629347e-03
1.110000e-01 3.658488e-03
1.120000e-01 3.687527e-03
1.130000e-01 3.716462e-03
1.140000e-01 3.745293e-03
1.150000e-01 3.774018e-03
1.160000e-01 3.802637e-03
1.170000e-01 3.831148e-03
1.180000e-01 3.859552e-03
1.190000e-01 3.887847e-03
1.200000e-01 3.916033e-03
1.210000e-01 3.944108e-03
1.220000e-01 3.972071e-03
1.230000e-01 3.999923e-03
1.240000e-01 4.027662e-03
1.250000e-01 4.055287e-03
1.260000e-01 4.082797e-03
1.270000e-01 4.110192e-03
1.280000e-01 4.137471e-03
1.290000e-01 4.164632e-03
1.300000e-01 4.191676e-03
1.310000e-01 4.218602e-03
1.320000e-01 4.245408e-03
1.330000e-01 4.272093e-03
1.340000e-01 4.298658e-03
1.350000e-01 4.325100e-03
1.360000e-01 4.351420e-03
1.370000e-01 4.377617e-03
1.380000e-01 4.403689e-03
1.390000e-01 4.429637e-03
1.400000e-01 4.455458e-03
1.410000e-01 4.481153e-03
1.420000e-01 4.506721e-03
1.430000e-01 4.532160e-03
1.440000e-01 4.557470e-03
1.450000e-01 4.582651e-03
1.460000e-01 4.607701e-03
1.470000e-01 4.632620e-03
1.480000e-01 4.657407e-03
1.490000e-01 4.682061e-03
1.500000e-01 4.706582e-03
1.510000e-01 4.730968e-03
1.520000e-01 4.755219e-03
1.530000e-01 4.779335e-03
1.540000e-01 4.803313e-03
1.550000e-01 4.827155e-03
1.560000e-01 4.850858e-03
1.570000e-01 4.874423e-03
1.580000e-01 4.897848e-03
1.590000e-01 4.921133e-03
1.600000e-01 4.944276e-03
1.610000e-01 4.967278e-03
1.620000e-01 4.990138e-03
1.630000e-01 5.012854e-03
1.640000e-01 5.035427e-03
1.650000e-01 5.057854e-03
1.660000e-01 5.080137e-03
1.670000e-01 5.102273e-03
1.680000e-01 5.124262e-03
1.690000e-01 5.146105e-03
1.700000e-01 5.167798e-03
1.710000e-01 5.189343e-03
1.720000e-01 5.210739e-03
1.730000e-01 5.231984e-03
1.740000e-01 5.253078e-03
1.750000e-01 5.274020e-03
1.760000e-01 5.294810e-03
1.770000e-01 5.315447e-03
1.780000e-01 5.335930e-03
1.790000e-01 5.356259e-03
1.800000e-01 5.376433e-03
1.810000e-01 5.396451e-03
1.820000e-01 5.416313e-03
1.830000e-01 5.436017e-03
1.840000e-01 5.455564e-03
1.850000e-01 5.474953e-03
1.860000e-01 5.494182e-03
1.870000e-01 5.513252e-03
1.880000e-01 5.532161e-03
1.890000e-01 5.550910e-03
1.900000e-01 5.569496e-03
1.910000e-01 5.587921e-03
1.920000e-01 5.606182e-03
1.930000e-01 5.624280e-03
1.940000e-01 5.642214e-03
1.950000e-01 5.659984e-03
1.960000e-01 5.677587e-03
1.970000e-01 5.695025e-03
1.980000e-01 5.712296e-03
1.990000e-01 5.729400e-03
2.000000e-01 5.746336e-03
2.010000e-01 5.763104e-03
2.020000e-01 5.779702e-03
2.030000e-01 5.796131e-03
2.040000e-01 5.812390e-03
2.050000e-01 5.828477e-03
2.060000e-01 5.844394e-03
2.070000e-01 5.860138e-03
2.080000e-01 5.875710e-03
2.090000e-01 5.891109e-03
2.100000e-01 5.906334e-03
2.110000e-01 5.921384e-03
2.120000e-01 5.936260e-03
2.130000e-01 5.950961e-03
2.140000e-01 5.965485e-03
2.150000e-01 5.979833e-03
2.160000e-01 5.994004e-03
2.170000e-01 6.007997e-03
2.180000e-01 6.021812e-03
2.190000e-01 6.035449e-03
2.200000e-01 6.048906e-03
2.210000e-01 6.062184e-03
2.220000e-01 6.075281e-03
2.230000e-01 6.088197e-03
2.240000e-01 6.100932e-03
2.250000e-01 6.113486e-03
2.260000e-01 6.125857e-03
2.270000e-01 6.138045e-03
2.280000e-01 6.150050e-03
2.290000e-01 6.161870e-03
2.300000e-01 6.173507e-03
2.310000e-01 6.184959e-03
2.320000e-01 6.196225e-03
2.330000e-01 6.207306e-03
2.340000e-01 6.218200e-03
2.350000e-01 6.228908e-03
2.360000e-01 6.239428e-03
2.370000e-01 6.249761e-03
2.380000e-01 6.259905e-03
2.390000e-01 6.269861e-03
2.400000e-01 6.279628e-03
2.410000e-01 6.289205e-03
2.420000e-01 6.298593e-03
2.430000e-01 6.307790e-03
2.440000e-01 6.316796e-03
2.450000e-01 6.325611e-03
2.460000e-01 6.334234e-03
2.470000e-01 6.342665e-03
2.480000e-01 6.350903e-03
2.490000e-01 6.358949e-03
2.500000e-01 6.366801e-03
2.510000e-01 6.374459e-03
2.520000e-01 6.381923e-03
2.530000e-01 6.389193e-03
2.540000e-01 6.396268e-03
2.550000e-01 6.403147e-03
2.560000e-01 6.409830e-03
2.570000e-01 6.416317e-03
2.580000e-01 6.422608e-03
2.590000e-01 6.428702e-03
2.600000e-01 6.434598e-03
2.610000e-01 6.440297e-03
2.620000e-01 6.445798e-03
2.630000e-01 6.451101e-03
2.640000e-01 6.456204e-03
2.650000e-01 6.461109e-03
2.660000e-01 6.465815e-03
2.670000e-01 6.470320e-03
2.680000e-01 6.474626e-03
2.690000e-01 6.478731e-03
2.700000e-01 6.482635e-03
2.710000e-01 6.486339e-03
2.720000e-01 6.489840e-03
2.730000e-01 6.493141e-03
2.740000e-01 6.496239e-03
2.750000e-01 6.499135e-03
2.760000e-01 6.501828e-03
2.770000e-01 6.504319e-03
2.780000e-01 6.506606e-03
2.790000e-01 6.508690e-03
2.800000e-01 6.510570e-03
2.810000e-01 6.512247e-03
2.820000e-01 6.513718e-03
2.830000e-01 6.514986e-03
2.840000e-01 6.516048e-03
2.850000e-01 6.516906e-03
2.860000e-01 6.517558e-03
2.870000e-01 6.518004e-03
2.880000e-01 6.518245e-03
2.890000e-01 6.518280e-03
2.900000e-01 6.518108e-03
2.910000e-01 6.517730e-03
2.920000e-01 6.517145e-03
2.930000e-01 6.516354e-03
2.940000e-01 6.515355e-03
2.950000e-01 6.514148e-03
2.960000e-01 6.512734e-03
2.970000e-01 6.511113e-03
2.980000e-01 6.509283e-03
2.990000e-01 6.507245e-03
3.000000e-01 6.504999e-03
3.010000e-01 6.502544e-03
3.020000e-01 6.499881e-03
3.030000e-01 6.497009e-03
3.040000e-01 6.493927e-03
3.050000e-01 6.490637e-03
3.060000e-01 6.487137e-03
3.070000e-01 6.483427e-03
3.080000e-01 6.479508e-03
3.090000e-01 6.475380e-03
3.100000e-01 6.471041e-03
3.110000e-01 6.466492e-03
3.120000e-01 6.461733e-03
3.130000e-01 6.456764e-03
3.140000e-01 6.451584e-03
3.150000e-01 6.446193e-03
3.160000e-01 6.440592e-03
3.170000e-01 6.434781e-03
3.180000e-01 6.428758e-03
3.190000e-01 6.422525e-03
3.200000e-01 6.416080e-03
3.210000e-01 6.409425e-03
3.220000e-01 6.402558e-03
3.230000e-01 6.395480e-03
3.240000e-01 6.388190e-03
3.250000e-01 6.380690e-03
3.260000e-01 6.372978e-03
3.270000e-01 6.365054e-03
3.280000e-01 6.356919e-03
3.290000e-01 6.348572e-03
3.300000e-01 6.340014e-03
3.310000e-01 6.331244e-03
3.320000e-01 6.322262e-03
3.330000e-01 6.313069e-03
3.340000e-01 6.303664e-03
3.350000e-01 6.294048e-03
3.360000e-01 6.284219e-03
3.370000e-01 6.274179e-03
3.380000e-01 6.263928e-03
3.390000e-01 6.253464e-03
3.400000e-01 6.242789e-03
3.410000e-01 6.231903e-03
3.420000e-01 6.220804e-03
3.430000e-01 6.209495e-03
3.440000e-01 6.197973e-03
3.450000e-01 6.186240e-03
3.460000e-01 6.174296e-03
3.470000e-01 6.162141e-03
3.480000e-01 6.149774e-03
3.490000e-01 6.137195e-03
3.500000e-01 6.124406e-03
3.510000e-01 6.111405e-03
3.520000e-01 6.098194e-03
3.530000e-01 6.084771e-03
3.540000e-01 6.071138e-03
3.550000e-01 6.057294e-03
3.560000e-01 6.043239e-03
3.570000e-01 6.028974e-03
3.580000e-01 6.014498e-03
3.590000e-01 5.999813e-03
3.600000e-01 5.984916e-03
3.610000e-01 5.969810e-03
3.620000e-01 5.954494e-03
3.630000e-01 5.938968e-03
3.640000e-01 5.923233e-03
3.650000e-01 5.907288e-03
3.660000e-01 5.891134e-03
3.670000e-01 5.874770e-03
3.680000e-01 5.858198e-03
3.690000e-01 5.841417e-03
3.700000e-01 5.824427e-03
3.710000e-01 5.807229e-03
3.720000e-01 5.789822e-03
3.730000e-01 5.772208e-03
3.740000e-01 5.754385e-03
3.750000e-01 5.736355e-03
3.760000e-01 5.718118e-03
3.770000e-01 5.699673e-03
3.780000e-01 5.681021e-03
3.790000e-01 5.662163e-03
3.800000e-01 5.643098e-03
3.810000e-01 5.623827e-03
3.820000e-01 5.604350e-03
3.830000e-01 5.584667e-03
3.840000e-01 5.564778e-03
3.850000e-01 5.544685e-03
3.860000e-01 5.524386e-03
3.870000e-01 5.503883e-03
3.880000e-01 5.483175e-03
3.890000e-01 5.462263e-03
3.900000e-01 5.441147e-03
3.910000e-01 5.419828e-03
3.920000e-01 5.398305e-03
3.930000e-01 5.376580e-03
3.940000e-01 5.354652e-03
3.950000e-01 5.332521e-03
3.960000e-01 5.310189e-03
3.970000e-01 5.287655e-03
3.980000e-01 5.264920e-03
3.990000e-01 5.241983e-03
4.000000e-01 5.218847e-03
4.010000e-01 5.195510e-03
4.020000e-01 5.171973e-03
4.030000e-01 5.148236e-03
4.040000e-01 5.124301e-03
4.050000e-01 5.100166e-03
4.060000e-01 5.075834e-03
4.070000e-01 5.051303e-03
4.080000e-01 5.026575e-03
4.090000e-01 5.001649e-03
4.100000e-01 4.976527e-03
4.110000e-01 4.951208e-03
4.120000e-01 4.925694e-03
4.130000e-01 4.899983e-03
4.140000e-01 4.874078e-03
4.150000e-01 4.847978e-03
4.160000e-01 4.821684e-03
4.170000e-01 4.795197e-03
4.180000e-01 4.768515e-03
4.190000e-01 4.741641e-03
4.200000e-01 4.714575e-03
4.210000e-01 4.687317e-03
4.220000e-01 4.659867e-03
4.230000e-01 4.632227e-03
4.240000e-01 4.604396e-03
4.250000e-01 4.576375e-03
4.260000e-01 4.548164e-03
4.270000e-01 4.519765e-03
4.280000e-01 4.491177e-03
4.290000e-01 4.462401e-03
4.300000e-01 4.433438e-03
4.310000e-01 4.404288e-03
4.320000e-01 4.374952e-03
4.330000e-01 4.345430e-03
4.340000e-01 4.315722e-03
4.350000e-01 4.285830e-03
4.360000e-01 4.255754e-03
4.370000e-01 4.225495e-03
4.380000e-01 4.195052e-03
4.390000e-01 4.164427e-03
4.400000e-01 4.133620e-03
4.410000e-01 4.102632e-03
4.420000e-01 4.071464e-03
4.430000e-01 4.040115e-03
4.440000e-01 4.008587e-03
4.450000e-01 3.976880e-03
4.460000e-01 3.944996e-03
4.470000e-01 3.912933e-03
4.480000e-01 3.880694e-03
4.490000e-01 3.848278e-03
4.500000e-01 3.815687e-03
4.510000e-01 3.782921e-03
4.520000e-01 3.749980e-03
4.530000e-01 3.716866e-03
4.540000e-01 3.683579e-03
4.550000e-01 3.650119e-03
4.560000e-01 3.616488e-03
4.570000e-01 3.582686e-03
4.580000e-01 3.548714e-03
4.590000e-01 3.514572e-03
4.600000e-01 3.480262e-03
4.610000e-01 3.445783e-03
4.620000e-01 3.411137e-03
4.630000e-01 3.376324e-03
4.640000e-01 3.341345e-03
4.650000e-01 3.306201e-03
4.660000e-01 3.270893e-03
4.670000e-01 3.235421e-03
4.680000e-01 3.199785e-03
4.690000e-01 3.163988e-03
4.700000e-01 3.128029e-03
4.710000e-01 3.091910e-03
4.720000e-01 3.055631e-03
4.730000e-01 3.019192e-03
4.740000e-01 2.982596e-03
4.750000e-01 2.945841e-03
4.760000e-01 2.908930e-03
4.770000e-01 2.871863e-03
4.780000e-01 2.834642e-03
4.790000e-01 2.797265e-03
4.800000e-01 2.759736e-03
4.810000e-01 2.722053e-03
4.820000e-01 2.684219e-03
4.830000e-01 2.646235e-03
4.840000e-01 2.608100e-03
4.850000e-01 2.569815e-03
4.860000e-01 2.531383e-03
4.870000e-01 2.492803e-03
4.880000e-01 2.454076e-03
4.890000e-01 2.415204e-03
4.900000e-01 2.376187e-03
4.910000e-01 2.337026e-03
4.920000e-01 2.297722e-03
4.930000e-01 2.258275e-03
4.940000e-01 2.218688e-03
4.950000e-01 2.178960e-03
4.960000e-01 2.139093e-03
4.970000e-01 2.099088e-03
4.980000e-01 2.058945e-03
4.990000e-01 2.018665e-03
5.000000e-01 1.978250e-03
5.010000e-01 1.937700e-03
5.020000e-01 1.897017e-03
5.030000e-01 1.856200e-03
5.040000e-01 1.815253e-03
5.050000e-01 1.774174e-03
5.060000e-01 1.732965e-03
5.070000e-01 1.691628e-03
5.080000e-01 1.650163e-03
5.090000e-01 1.608572e-03
5.100000e-01 1.566854e-03
5.110000e-01 1.525012e-03
5.120000e-01 1.483046e-03
5.130000e-01 1.440957e-03
5.140000e-01 1.398747e-03
5.150000e-01 1.356416e-03
5.160000e-01 1.313966e-03
5.170000e-01 1.271397e-03
5.180000e-01 1.228710e-03
5.190000e-01 1.185908e-03
5.200000e-01 1.142989e-03
5.210000e-01 1.099957e-03
5.220000e-01 1.056812e-03
5.230000e-01 1.013554e-03
5.240000e-01 9.701859e-04
5.250000e-01 9.267077e-04
5.260000e-01 8.831207e-04
5.270000e-01 8.394261e-04
5.280000e-01 7.956251e-04
5.290000e-01 7.517186e-04
5.300000e-01 7.077080e-04
5.310000e-01 6.635942e-04
5.320000e-01 6.193785e-04
5.330000e-01 5.750621e-04
5.340000e-01 5.306460e-04
5.350000e-01 4.861314e-04
5.360000e-01 4.415195e-04
5.370000e-01 3.968116e-04
5.380000e-01 3.520087e-04
5.390000e-01 3.071121e-04
5.400000e-01 2.621229e-04
5.410000e-01 2.170424e-04
5.420000e-01 1.718718e-04
5.430000e-01 1.266122e-04
5.440000e-01 8.126501e-05
5.450000e-01 3.583131e-05
5.460000e-01 9.687622e-06
5.470000e-01 5.529055e-05
5.480000e-01 1.009762e-04
5.490000e-01 1.467434e-04
5.500000e-01 1.925908e-04
5.510000e-01 2.385172e-04
5.520000e-01 2.845213e-04
5.530000e-01 3.306018e-04
5.540000e-01 3.767574e-04
5.550000e-01 4.229869e-04
5.560000e-01 4.692890e-04
5.570000e-01 5.156624e-04
5.580000e-01 5.621057e-04
5.590000e-01 6.086176e-04
5.600000e-01 6.551969e-04
5.610000e-01 7.018421e-04
5.620000e-01 7.485520e-04
5.630000e-01 7.953253e-04
5.640000e-01 8.421605e-04
5.650000e-01 8.890564e-04
5.660000e-01 9.360116e-04
5.670000e-01 9.830246e-04
5.680000e-01 1.030094e-03
5.690000e-01 1.077219e-03
5.700000e-01 1.124398e-03
5.710000e-01 1.171629e-03
5.720000e-01 1.218911e-03
5.730000e-01 1.266242e-03
5.740000e-01 1.313622e-03
5.750000e-01 1.361049e-03
5.760000e-01 1.408521e-03
5.770000e-01 1.456037e-03
5.780000e-01 1.503596e-03
5.790000e-01 1.551195e-03
5.800000e-01 1.598835e-03
5.810000e-01 1.646512e-03
5.820000e-01 1.694227e-03
5.830000e-01 1.741976e-03
5.840000e-01 1.789760e-03
5.850000e-01 1.837576e-03
5.860000e-01 1.885422e-03
5.870000e-01 1.933298e-03
5.880000e-01 1.981203e-03
5.890000e-01 2.029133e-03
5.900000e-01 2.077088e-03
5.910000e-01 2.125067e-03
5.920000e-01 2.173068e-03
5.930000e-01 2.221089e-03
5.940000e-01 2.269129e-03
5.950000e-01 2.317187e-03
5.960000e-01 2.365260e-03
5.970000e-01 2.413347e-03
5.980000e-01 2.461447e-03
5.990000e-01 2.509558e-03
6.000000e-01 2.557679e-03
6.010000e-01 2.605808e-03
6.020000e-01 2.653943e-03
6.030000e-01 2.702083e-03
6.040000e-01 2.750227e-03
6.050000e-01 2.798372e-03
6.060000e-01 2.846517e-03
6.070000e-01 2.894661e-03
6.080000e-01 2.942801e-03
6.090000e-01 2.990937e-03
6.100000e-01 3.039067e-03
6.110000e-01 3.087188e-03
6.120000e-01 3.135300e-03
6.130000e-01 3.183401e-03
6.140000e-01 3.231489e-03
6.150000e-01 3.279562e-03
6.160000e-01 3.327619e-03
6.170000e-01 3.375658e-03
6.180000e-01 3.423678e-03
6.190000e-01 3.471676e-03
6.200000e-01 3.519652e-03
6.210000e-01 3.567603e-03
6.220000e-01 3.615527e-03
6.230000e-01 3.663424e-03
6.240000e-01 3.711291e-03
6.250000e-01 3.759127e-03
6.260000e-01 3.806930e-03
6.270000e-01 3.854697e-03
6.280000e-01 3.902429e-03
6.290000e-01 3.950122e-03
6.300000e-01 3.997775e-03
6.310000e-01 4.045386e-03
6.320000e-01 4.092954e-03
6.330000e-01 4.140477e-03
6.340000e-01 4.187952e-03
6.350000e-01 4.235379e-03
6.360000e-01 4.282755e-03
6.370000e-01 4.330079e-03
6.380000e-01 4.377349e-03
6.390000e-01 4.424563e-03
6.400000e-01 4.471719e-03
6.410000e-01 4.518816e-03
6.420000e-01 4.565852e-03
6.430000e-01 4.612824e-03
6.440000e-01 4.659731e-03
6.450000e-01 4.706572e-03
6.460000e-01 4.753344e-03
6.470000e-01 4.800045e-03
6.480000e-01 4.846675e-03
6.490000e-01 4.893230e-03
6.500000e-01 4.939709e-03
6.510000e-01 4.986111e-03
6.520000e-01 5.032432e-03
6.530000e-01 5.078673e-03
6.540000e-01 5.124829e-03
6.550000e-01 5.170901e-03
6.560000e-01 5.216885e-03
6.570000e-01 5.262780e-03
6.580000e-01 5.308584e-03
6.590000e-01 5.354295e-03
6.600000e-01 5.399912e-03
6.610000e-01 5.445431e-03
6.620000e-01 5.490852e-03
6.630000e-01 5.536173e-03
6.640000e-01 5.581391e-03
6.650000e-01 5.626504e-03
6.660000e-01 5.671511e-03
6.670000e-01 5.716410e-03
6.680000e-01 5.761198e-03
6.690000e-01 5.805875e-03
6.700000e-01 5.850437e-03
6.710000e-01 5.894882e-03
6.720000e-01 5.939210e-03
6.730000e-01 5.983418e-03
6.740000e-01 6.027503e-03
6.750000e-01 6.071464e-03
6.760000e-01 6.115299e-03
6.770000e-01 6.159007e-03
6.780000e-01 6.202583e-03
6.790000e-01 6.246028e-03
6.800000e-01 6.289339e-03
6.810000e-01 6.332513e-03
6.820000e-01 6.375549e-03
6.830000e-01 6.418445e-03
6.840000e-01 6.461199e-03
6.850000e-01 6.503808e-03
6.860000e-01 6.546271e-03
6.870000e-01 6.588585e-03
6.880000e-01 6.630749e-03
6.890000e-01 6.672760e-03
6.900000e-01 6.714617e-03
6.910000e-01 6.756317e-03
6.920000e-01 6.797858e-03
6.930000e-01 6.839238e-03
6.940000e-01 6.880455e-03
6.950000e-01 6.921507e-03
6.960000e-01 6.962391e-03
6.970000e-01 7.003107e-03
6.980000e-01 7.043650e-03
6.990000e-01 7.084021e-03
7.000000e-01 7.124215e-03
7.010000e-01 7.164232e-03
7.020000e-01 7.204069e-03
7.030000e-01 7.243724e-03
7.040000e-01 7.283194e-03
7.050000e-01 7.322478e-03
7.060000e-01 7.361573e-03
7.070000e-01 7.400478e-03
7.080000e-01 7.439190e-03
7.090000e-01 7.477706e-03
7.100000e-01 7.516026e-03
7.110000e-01 7.554146e-03
7.120000e-01 7.592064e-03
7.130000e-01 7.629778e-03
7.140000e-01 7.667287e-03
7.150000e-01 7.704587e-03
7.160000e-01 7.741676e-03
7.170000e-01 7.778553e-03
7.180000e-01 7.815215e-03
7.190000e-01 7.851660e-03
7.200000e-01 7.887886e-03
7.210000e-01 7.923890e-03
7.220000e-01 7.959670e-03
7.230000e-01 7.995224e-03
7.240000e-01 8.030550e-03
7.250000e-01 8.065645e-03
7.260000e-01 8.100508e-03
7.270000e-01 8.135135e-03
7.280000e-01 8.169525e-03
7.290000e-01 8.203675e-03
7.300000e-01 8.237583e-03
7.310000e-01 8.271247e-03
7.320000e-01 8.304665e-03
7.330000e-01 8.337834e-03
7.340000e-01 8.370751e-03
7.350000e-01 8.403416e-03
7.360000e-01 8.435824e-03
7.370000e-01 8.467974e-03
7.380000e-01 8.499864e-03
7.390000e-01 8.531492e-03
7.400000e-01 8.562854e-03
7.410000e-01 8.593949e-03
7.420000e-01 8.624774e-03
7.430000e-01 8.655327e-03
7.440000e-01 8.685606e-03
7.450000e-01 8.715608e-03
7.460000e-01 8.745331e-03
7.470000e-01 8.774773e-03
7.480000e-01 8.803930e-03
7.490000e-01 8.832802e-03
7.500000e-01 8.861384e-03
7.510000e-01 8.889676e-03
7.520000e-01 8.917675e-03
7.530000e-01 8.945377e-03
7.540000e-01 8.972782e-03
7.550000e-01 8.999886e-03
7.560000e-01 9.026687e-03
7.570000e-01 9.053182e-03
7.580000e-01 9.079370e-03
7.590000e-01 9.105248e-03
7.600000e-01 9.130813e-03
7.610000e-01 9.156063e-03
7.620000e-01 9.180995e-03
7.630000e-01 9.205607e-03
7.640000e-01 9.229898e-03
7.650000e-01 9.253863e-03
7.660000e-01 9.277501e-03
7.670000e-01 9.300809e-03
7.680000e-01 9.323785e-03
7.690000e-01 9.346426e-03
7.700000e-01 9.368730e-03
7.710000e-01 9.390695e-03
7.720000e-01 9.412317e-03
7.730000e-01 9.433595e-03
7.740000e-01 9.454525e-03
7.750000e-01 9.475106e-03
7.760000e-01 9.495336e-03
7.770000e-01 9.515210e-03
7.780000e-01 9.534727e-03
7.790000e-01 9.553885e-03
7.800000e-01 9.572681e-03
7.810000e-01 9.591112e-03
7.820000e-01 9.609176e-03
7.830000e-01 9.626870e-03
7.840000e-01 9.644192e-03
7.850000e-01 9.661139e-03
7.860000e-01 9.677709e-03
7.870000e-01 9.693899e-03
7.880000e-01 9.709707e-03
7.890000e-01 9.725130e-03
7.900000e-01 9.740165e-03
7.910000e-01 9.754810e-03
7.920000e-01 9.769063e-03
7.930000e-01 9.782920e-03
7.940000e-01 9.796380e-03
7.950000e-01 9.809439e-03
7.960000e-01 9.822095e-03
7.970000e-01 9.834346e-03
7.980000e-01 9.846188e-03
7.990000e-01 9.857620e-03
8.000000e-01 9.868638e-03
8.010000e-01 9.879241e-03
8.020000e-01 9.889425e-03
8.030000e-01 9.899188e-03
8.040000e-01 9.908527e-03
8.050000e-01 9.917440e-03
8.060000e-01 9.925923e-03
8.070000e-01 9.933975e-03
8.080000e-01 9.941593e-03
8.090000e-01 9.948774e-03
8.100000e-01 9.955515e-03
8.110000e-01 9.961814e-03
8.120000e-01 9.967668e-03
8.130000e-01 9.973075e-03
8.140000e-01 9.978031e-03
8.150000e-01 9.982535e-03
8.160000e-01 9.986583e-03
8.170000e-01 9.990173e-03
8.180000e-01 9.993302e-03
8.190000e-01 9.995968e-03
8.200000e-01 9.998167e-03
8.210000e-01 9.999897e-03
8.220000e-01 1.000116e-02
8.230000e-01 1.000194e-02
8.240000e-01 1.000225e-02
8.250000e-01 1.000208e-02
8.260000e-01 1.000142e-02
8.270000e-01 1.000028e-02
8.280000e-01 9.998656e-03
8.290000e-01 9.996538e-03
8.300000e-01 9.993927e-03
8.310000e-01 9.990821e-03
8.320000e-01 9.987215e-03
8.330000e-01 9.983108e-03
8.340000e-01 9.978497e-03
8.350000e-01 9.973379e-03
8.360000e-01 9.967752e-03
8.370000e-01 9.961612e-03
8.380000e-01 9.954957e-03
8.390000e-01 9.947784e-03
8.400000e-01 9.940091e-03
8.410000e-01 9.931874e-03
8.420000e-01 9.923131e-03
8.430000e-01 9.913859e-03
8.440000e-01 9.904056e-03
8.450000e-01 9.893718e-03
8.460000e-01 9.882843e-03
8.470000e-01 9.871428e-03
8.480000e-01 9.859470e-03
8.490000e-01 9.846966e-03
8.500000e-01 9.833915e-03
8.510000e-01 9.820312e-03
8.520000e-01 9.806155e-03
8.530000e-01 9.791441e-03
8.540000e-01 9.776168e-03
8.550000e-01 9.760332e-03
8.560000e-01 9.743932e-03
8.570000e-01 9.726963e-03
8.580000e-01 9.709423e-03
8.590000e-01 9.691310e-03
8.600000e-01 9.672621e-03
8.610000e-01 9.653352e-03
8.620000e-01 9.633501e-03
8.630000e-01 9.613065e-03
8.640000e-01 9.592042e-03
8.650000e-01 9.570427e-03
8.660000e-01 9.548220e-03
8.670000e-01 9.525416e-03
8.680000e-01 9.502013e-03
8.690000e-01 9.478008e-03
8.700000e-01 9.453398e-03
8.710000e-01 9.428180e-03
8.720000e-01 9.402352e-03
8.730000e-01 9.375910e-03
8.740000e-01 9.348852e-03
8.750000e-01 9.321175e-03
8.760000e-01 9.292876e-03
8.770000e-01 9.263951e-03
8.780000e-01 9.234399e-03
8.790000e-01 9.204217e-03
8.800000e-01 9.173400e-03
8.810000e-01 9.141948e-03
8.820000e-01 9.109856e-03
8.830000e-01 9.077121e-03
8.840000e-01 9.043742e-03
8.850000e-01 9.009714e-03
8.860000e-01 8.975036e-03
8.870000e-01 8.939703e-03
8.880000e-01 8.903714e-03
8.890000e-01 8.867065e-03
8.900000e-01 8.829754e-03
8.910000e-01 8.791777e-03
8.920000e-01 8.753131e-03
8.930000e-01 8.713814e-03
8.940000e-01 8.673823e-03
8.950000e-01 8.633155e-03
8.960000e-01 8.591806e-03
8.970000e-01 8.549775e-03
8.980000e-01 8.507057e-03
8.990000e-01 8.463651e-03
9.000000e-01 8.419552e-03
9.010000e-01 8.374759e-03
9.020000e-01 8.329268e-03
9.030000e-01 8.283076e-03
9.040000e-01 8.236180e-03
9.050000e-01 8.188578e-03
9.060000e-01 8.140266e-03
9.070000e-01 8.091242e-03
9.080000e-01 8.041502e-03
9.090000e-01 7.991043e-03
9.100000e-01 7.939863e-03
9.110000e-01 7.887959e-03
9.120000e-01 7.835327e-03
9.130000e-01 7.781965e-03
9.140000e-01 7.727869e-03
9.150000e-01 7.673037e-03
9.160000e-01 7.617466e-03
9.170000e-01 7.561152e-03
9.180000e-01 7.504093e-03
9.190000e-01 7.446286e-03
9.200000e-01 7.387727e-03
9.210000e-01 7.328414e-03
9.220000e-01 7.268344e-03
9.230000e-01 7.207514e-03
9.240000e-01 7.145920e-03
9.250000e-01 7.083560e-03
9.260000e-01 7.020431e-03
9.270000e-01 6.956529e-03
9.280000e-01 6.891852e-03
9.290000e-01 6.826397e-03
9.300000e-01 6.760160e-03
9.310000e-01 6.693139e-03
9.320000e-01 6.625331e-03
9.330000e-01 6.556732e-03
9.340000e-01 6.487340e-03
9.350000e-01 6.417151e-03
9.360000e-01 6.346163e-03
9.370000e-01 6.274372e-03
9.380000e-01 6.201776e-03
9.390000e-01 6.128371e-03
9.400000e-01 6.054155e-03
9.410000e-01 5.979124e-03
9.420000e-01 5.903275e-03
9.430000e-01 5.826605e-03
9.440000e-01 5.749112e-03
9.450000e-01 5.670792e-03
9.460000e-01 5.591642e-03
9.470000e-01 5.511659e-03
9.480000e-01 5.430840e-03
9.490000e-01 5.349182e-03
9.500000e-01 5.266682e-03
9.510000e-01 5.183337e-03
9.520000e-01 5.099143e-03
9.530000e-01 5.014099e-03
9.540000e-01 4.928200e-03
9.550000e-01 4.841444e-03
9.560000e-01 4.753827e-03
9.570000e-01 4.665346e-03
9.580000e-01 4.575999e-03
9.590000e-01 4.485783e-03
9.600000e-01 4.394693e-03
9.610000e-01 4.302728e-03
9.620000e-01 4.209884e-03
9.630000e-01 4.116158e-03
9.640000e-01 4.021547e-03
9.650000e-01 3.926048e-03
9.660000e-01 3.829658e-03
9.670000e-01 3.732373e-03
9.680000e-01 3.634191e-03
9.690000e-01 3.535108e-03
9.700000e-01 3.435122e-03
9.710000e-01 3.334229e-03
9.720000e-01 3.232427e-03
9.730000e-01 3.129711e-03
9.740000e-01 3.026080e-03
9.750000e-01 2.921530e-03
9.760000e-01 2.816057e-03
9.770000e-01 2.709659e-03
9.780000e-01 2.602333e-03
9.790000e-01 2.494076e-03
9.800000e-01 2.384884e-03
9.810000e-01 2.274754e-03
9.820000e-01 2.163684e-03
9.830000e-01 2.051670e-03
9.840000e-01 1.938708e-03
9.850000e-01 1.824797e-03
9.860000e-01 1.709933e-03
9.870000e-01 1.594112e-03
9.880000e-01 1.477332e-03
9.890000e-01 1.359589e-03
9.900000e-01 1.240881e-03
9.910000e-01 1.121203e-03
9.920000e-01 1.000554e-03
9.930000e-01 8.789304e-04
9.940000e-01 7.563283e-04
9.950000e-01 6.327449e-04
9.960000e-01 5.081772e-04
9.970000e-01 3.826219e-04
9.980000e-01 2.560761e-04
9.990000e-01 1.285365e-04
