0.000000e+00 0.000000e+00
1.000000e-03 1.449142e-05
2.000000e-03 2.898185e-05
3.000000e-03 4.347031e-05
4.000000e-03 5.795581e-05
5.000000e-03 7.243738e-05
6.000000e-03 8.691401e-05
7.000000e-03 1.013847e-04
8.000000e-03 1.158486e-04
9.000000e-03 1.303045e-04
1.000000e-02 1.447516e-04
1.100000e-02 1.591889e-04
1.200000e-02 1.736153e-04
1.300000e-02 1.880299e-04
1.400000e-02 2.024317e-04
1.500000e-02 2.168197e-04
1.600000e-02 2.311930e-04
1.700000e-02 2.455506e-04
1.800000e-02 2.598915e-04
1.900000e-02 2.742146e-04
2.000000e-02 2.885192e-04
2.100000e-02 3.028041e-04
2.200000e-02 3.170683e-04
2.300000e-02 3.313110e-04
2.400000e-02 3.455312e-04
2.500000e-02 3.597278e-04
2.600000e-02 3.739000e-04
2.700000e-02 3.880467e-04
2.800000e-02 4.021670e-04
2.900000e-02 4.162599e-04
3.000000e-02 4.303244e-04
3.100000e-02 4.443597e-04
3.200000e-02 4.583647e-04
3.300000e-02 4.723384e-04
3.400000e-02 4.862800e-04
3.500000e-02 5.001885e-04
3.600000e-02 5.140629e-04
3.700000e-02 5.279023e-04
3.800000e-02 5.417057e-04
3.900000e-02 5.554721e-04
4.000000e-02 5.692008e-04
4.100000e-02 5.828906e-04
4.200000e-02 5.965406e-04
4.300000e-02 6.101500e-04
4.400000e-02 6.237178e-04
4.500000e-02 6.372431e-04
4.600000e-02 6.507249e-04
4.700000e-02 6.641622e-04
4.800000e-02 6.775543e-04
4.900000e-02 6.909002e-04
5.000000e-02 7.041988e-04
5.100000e-02 7.174494e-04
5.200000e-02 7.306511e-04
5.300000e-02 7.438028e-04
5.400000e-02 7.569038e-04
5.500000e-02 7.699530e-04
5.600000e-02 7.829496e-04
5.700000e-02 7.958928e-04
5.800000e-02 8.087815e-04
5.900000e-02 8.216150e-04
6.000000e-02 8.343923e-04
6.100000e-02 8.471126e-04
6.200000e-02 8.597749e-04
6.300000e-02 8.723784e-04
6.400000e-02 8.849222e-04
6.500000e-02 8.974055e-04
6.600000e-02 9.098274e-04
6.700000e-02 9.221869e-04
6.800000e-02 9.344834e-04
6.900000e-02 9.467158e-04
7.000000e-02 9.588834e-04
7.100000e-02 9.709853e-04
7.200000e-02 9.830206e-04
7.300000e-02 9.949886e-04
7.400000e-02 1.006888e-03
7.500000e-02 1.018719e-03
7.600000e-02 1.030480e-03
7.700000e-02 1.042170e-03
7.800000e-02 1.053789e-03
7.900000e-02 1.065335e-03
8.000000e-02 1.076808e-03
8.100000e-02 1.088207e-03
8.200000e-02 1.099532e-03
8.300000e-02 1.110781e-03
8.400000e-02 1.121953e-03
8.500000e-02 1.133049e-03
8.600000e-02 1.144066e-03
8.700000e-02 1.155005e-03
8.800000e-02 1.165864e-03
8.900000e-02 1.176643e-03
9.000000e-02 1.187341e-03
9.100000e-02 1.197958e-03
9.200000e-02 1.208492e-03
9.300000e-02 1.218942e-03
9.400000e-02 1.229309e-03
9.500000e-02 1.239591e-03
9.600000e-02 1.249787e-03
9.700000e-02 1.259897e-03
9.800000e-02 1.269920e-03
9.900000e-02 1.279856e-03
1.000000e-01 1.289703e-03
1.010000e-01 1.299461e-03
1.020000e-01 1.309129e-03
1.030000e-01 1.318707e-03
1.040000e-01 1.328194e-03
1.050000e-01 1.337588e-03
1.060000e-01 1.346891e-03
1.070000e-01 1.356100e-03
1.080000e-01 1.365215e-03
1.090000e-01 1.374235e-03
1.100000e-01 1.383161e-03
1.110000e-01 1.391990e-03
1.120000e-01 1.400723e-03
1.130000e-01 1.409359e-03
1.140000e-01 1.417897e-03
1.150000e-01 1.426336e-03
1.160000e-01 1.434677e-03
1.170000e-01 1.442918e-03
1.180000e-01 1.451058e-03
1.190000e-01 1.459098e-03
1.200000e-01 1.467036e-03
1.210000e-01 1.474873e-03
1.220000e-01 1.482606e-03
1.230000e-01 1.490236e-03
1.240000e-01 1.497763e-03
1.250000e-01 1.505185e-03
1.260000e-01 1.512502e-03
1.270000e-01 1.519713e-03
1.280000e-01 1.526819e-03
1.290000e-01 1.533818e-03
1.300000e-01 1.540710e-03
1.310000e-01 1.547494e-03
1.320000e-01 1.554170e-03
1.330000e-01 1.560737e-03
1.340000e-01 1.567195e-03
1.350000e-01 1.573543e-03
1.360000e-01 1.579781e-03
1.370000e-01 1.585909e-03
1.380000e-01 1.591925e-03
1.390000e-01 1.597830e-03
1.400000e-01 1.603622e-03
1.410000e-01 1.609302e-03
1.420000e-01 1.614869e-03
1.430000e-01 1.620322e-03
1.440000e-01 1.625661e-03
1.450000e-01 1.630886e-03
1.460000e-01 1.635996e-03
1.470000e-01 1.640991e-03
1.480000e-01 1.645870e-03
1.490000e-01 1.650633e-03
1.500000e-01 1.655280e-03
1.510000e-01 1.659810e-03
1.520000e-01 1.664223e-03
1.530000e-01 1.668518e-03
1.540000e-01 1.672695e-03
1.550000e-01 1.676754e-03
1.560000e-01 1.680694e-03
1.570000e-01 1.684515e-03
1.580000e-01 1.688216e-03
1.590000e-01 1.691798e-03
1.600000e-01 1.695260e-03
1.610000e-01 1.698601e-03
1.620000e-01 1.701822e-03
1.630000e-01 1.704922e-03
1.640000e-01 1.707901e-03
1.650000e-01 1.710758e-03
1.660000e-01 1.713493e-03
1.670000e-01 1.716106e-03
1.680000e-01 1.718596e-03
1.690000e-01 1.720964e-03
1.700000e-01 1.723209e-03
1.710000e-01 1.725331e-03
1.720000e-01 1.727330e-03
1.730000e-01 1.729204e-03
1.740000e-01 1.730955e-03
1.750000e-01 1.732582e-03
1.760000e-01 1.734085e-03
1.770000e-01 1.735464e-03
1.780000e-01 1.736717e-03
1.790000e-01 1.737846e-03
1.800000e-01 1.738850e-03
1.810000e-01 1.739729e-03
1.820000e-01 1.740482e-03
1.830000e-01 1.741110e-03
1.840000e-01 1.741612e-03
1.850000e-01 1.741989e-03
1.860000e-01 1.742240e-03
1.870000e-01 1.742364e-03
1.880000e-01 1.742363e-03
1.890000e-01 1.742235e-03
1.900000e-01 1.741981e-03
1.910000e-01 1.741601e-03
1.920000e-01 1.741094e-03
1.930000e-01 1.740461e-03
1.940000e-01 1.739701e-03
1.950000e-01 1.738815e-03
1.960000e-01 1.737802e-03
1.970000e-01 1.736662e-03
1.980000e-01 1.735395e-03
1.990000e-01 1.734002e-03
2.000000e-01 1.732481e-03
2.010000e-01 1.730834e-03
2.020000e-01 1.729060e-03
2.030000e-01 1.727160e-03
2.040000e-01 1.725132e-03
2.050000e-01 1.722978e-03
2.060000e-01 1.720697e-03
2.070000e-01 1.718290e-03
2.080000e-01 1.715756e-03
2.090000e-01 1.713095e-03
2.100000e-01 1.710308e-03
2.110000e-01 1.707394e-03
2.120000e-01 1.704354e-03
2.130000e-01 1.701188e-03
2.140000e-01 1.697896e-03
2.150000e-01 1.694478e-03
2.160000e-01 1.690933e-03
2.170000e-01 1.687263e-03
2.180000e-01 1.683468e-03
2.190000e-01 1.679547e-03
2.200000e-01 1.675500e-03
2.210000e-01 1.671328e-03
2.220000e-01 1.667032e-03
2.230000e-01 1.662610e-03
2.240000e-01 1.658064e-03
2.250000e-01 1.653393e-03
2.260000e-01 1.648598e-03
2.270000e-01 1.643679e-03
2.280000e-01 1.638636e-03
2.290000e-01 1.633469e-03
2.300000e-01 1.628179e-03
2.310000e-01 1.622766e-03
2.320000e-01 1.617230e-03
2.330000e-01 1.611571e-03
2.340000e-01 1.605790e-03
2.350000e-01 1.599887e-03
2.360000e-01 1.593862e-03
2.370000e-01 1.587715e-03
2.380000e-01 1.581447e-03
2.390000e-01 1.575058e-03
2.400000e-01 1.568549e-03
2.410000e-01 1.561919e-03
2.420000e-01 1.555169e-03
2.430000e-01 1.548299e-03
2.440000e-01 1.541311e-03
2.450000e-01 1.534203e-03
2.460000e-01 1.526977e-03
2.470000e-01 1.519632e-03
2.480000e-01 1.512170e-03
2.490000e-01 1.504590e-03
2.500000e-01 1.496893e-03
2.510000e-01 1.489079e-03
2.520000e-01 1.481150e-03
2.530000e-01 1.473104e-03
2.540000e-01 1.464943e-03
2.550000e-01 1.456667e-03
2.560000e-01 1.448276e-03
2.570000e-01 1.439772e-03
2.580000e-01 1.431154e-03
2.590000e-01 1.422422e-03
2.600000e-01 1.413578e-03
2.610000e-01 1.404622e-03
2.620000e-01 1.395554e-03
2.630000e-01 1.386375e-03
2.640000e-01 1.377085e-03
2.650000e-01 1.367685e-03
2.660000e-01 1.358176e-03
2.670000e-01 1.348557e-03
2.680000e-01 1.338830e-03
2.690000e-01 1.328994e-03
2.700000e-01 1.319051e-03
2.710000e-01 1.309001e-03
2.720000e-01 1.298845e-03
2.730000e-01 1.288583e-03
2.740000e-01 1.278216e-03
2.750000e-01 1.267744e-03
2.760000e-01 1.257168e-03
2.770000e-01 1.246488e-03
2.780000e-01 1.235706e-03
2.790000e-01 1.224822e-03
2.800000e-01 1.213836e-03
2.810000e-01 1.202749e-03
2.820000e-01 1.191562e-03
2.830000e-01 1.180275e-03
2.840000e-01 1.168889e-03
2.850000e-01 1.157405e-03
2.860000e-01 1.145823e-03
2.870000e-01 1.134144e-03
2.880000e-01 1.122369e-03
2.890000e-01 1.110499e-03
2.900000e-01 1.098533e-03
2.910000e-01 1.086474e-03
2.920000e-01 1.074320e-03
2.930000e-01 1.062074e-03
2.940000e-01 1.049737e-03
2.950000e-01 1.037307e-03
2.960000e-01 1.024788e-03
2.970000e-01 1.012178e-03
2.980000e-01 9.994794e-04
2.990000e-01 9.866926e-04
3.000000e-01 9.738183e-04
3.010000e-01 9.608572e-04
3.020000e-01 9.478102e-04
3.030000e-01 9.346781e-04
3.040000e-01 9.214616e-04
3.050000e-01 9.081616e-04
3.060000e-01 8.947788e-04
3.070000e-01 8.813142e-04
3.080000e-01 8.677684e-04
3.090000e-01 8.541424e-04
3.100000e-01 8.404369e-04
3.110000e-01 8.266529e-04
3.120000e-01 8.127911e-04
3.130000e-01 7.988525e-04
3.140000e-01 7.848379e-04
3.150000e-01 7.707481e-04
3.160000e-01 7.565840e-04
3.170000e-01 7.423466e-04
3.180000e-01 7.280366e-04
3.190000e-01 7.136551e-04
3.200000e-01 6.992028e-04
3.210000e-01 6.846808e-04
3.220000e-01 6.700898e-04
3.230000e-01 6.554309e-04
3.240000e-01 6.407050e-04
3.250000e-01 6.259129e-04
3.260000e-01 6.110556e-04
3.270000e-01 5.961341e-04
3.280000e-01 5.811494e-04
3.290000e-01 5.661022e-04
3.300000e-01 5.509937e-04
3.310000e-01 5.358248e-04
3.320000e-01 5.205964e-04
3.330000e-01 5.053095e-04
3.340000e-01 4.899651e-04
3.350000e-01 4.745643e-04
3.360000e-01 4.591079e-04
3.370000e-01 4.435970e-04
3.380000e-01 4.280325e-04
3.390000e-01 4.124156e-04
3.400000e-01 3.967471e-04
3.410000e-01 3.810282e-04
3.420000e-01 3.652598e-04
3.430000e-01 3.494429e-04
3.440000e-01 3.335787e-04
3.450000e-01 3.176680e-04
3.460000e-01 3.017121e-04
3.470000e-01 2.857119e-04
3.480000e-01 2.696684e-04
3.490000e-01 2.535828e-04
3.500000e-01 2.374560e-04
3.510000e-01 2.212893e-04
3.520000e-01 2.050835e-04
3.530000e-01 1.888398e-04
3.540000e-01 1.725593e-04
3.550000e-01 1.562431e-04
3.560000e-01 1.398922e-04
3.570000e-01 1.235077e-04
3.580000e-01 1.070908e-04
3.590000e-01 9.064248e-05
3.600000e-01 7.416391e-05
3.610000e-01 5.765619e-05
3.620000e-01 4.112043e-05
3.630000e-01 2.455773e-05
3.640000e-01 7.969231e-06
3.650000e-01 8.643958e-06
3.660000e-01 2.528071e-05
3.670000e-01 4.193988e-05
3.680000e-01 5.862035e-05
3.690000e-01 7.532098e-05
3.700000e-01 9.204061e-05
3.710000e-01 1.087781e-04
3.720000e-01 1.255323e-04
3.730000e-01 1.423021e-04
3.740000e-01 1.590864e-04
3.750000e-01 1.758838e-04
3.760000e-01 1.926934e-04
3.770000e-01 2.095139e-04
3.780000e-01 2.263441e-04
3.790000e-01 2.431830e-04
3.800000e-01 2.600292e-04
3.810000e-01 2.768818e-04
3.820000e-01 2.937393e-04
3.830000e-01 3.106008e-04
3.840000e-01 3.274650e-04
3.850000e-01 3.443306e-04
3.860000e-01 3.611966e-04
3.870000e-01 3.780618e-04
3.880000e-01 3.949248e-04
3.890000e-01 4.117846e-04
3.900000e-01 4.286400e-04
3.910000e-01 4.454897e-04
3.920000e-01 4.623325e-04
3.930000e-01 4.791673e-04
3.940000e-01 4.959928e-04
3.950000e-01 5.128078e-04
3.960000e-01 5.296112e-04
3.970000e-01 5.464016e-04
3.980000e-01 5.631779e-04
3.990000e-01 5.799389e-04
4.000000e-01 5.966834e-04
4.010000e-01 6.134100e-04
4.020000e-01 6.301177e-04
4.030000e-01 6.468052e-04
4.040000e-01 6.634712e-04
4.050000e-01 6.801146e-04
4.060000e-01 6.967341e-04
4.070000e-01 7.133285e-04
4.080000e-01 7.298966e-04
4.090000e-01 7.464371e-04
4.100000e-01 7.629488e-04
4.110000e-01 7.794305e-04
4.120000e-01 7.958810e-04
4.130000e-01 8.122990e-04
4.140000e-01 8.286832e-04
4.150000e-01 8.450325e-04
4.160000e-01 8.613457e-04
4.170000e-01 8.776214e-04
4.180000e-01 8.938584e-04
4.190000e-01 9.100556e-04
4.200000e-01 9.262117e-04
4.210000e-01 9.423255e-04
4.220000e-01 9.583956e-04
4.230000e-01 9.744210e-04
4.240000e-01 9.904003e-04
4.250000e-01 1.006332e-03
4.260000e-01 1.022216e-03
4.270000e-01 1.038050e-03
4.280000e-01 1.053832e-03
4.290000e-01 1.069563e-03
4.300000e-01 1.085240e-03
4.310000e-01 1.100862e-03
4.320000e-01 1.116429e-03
4.330000e-01 1.131938e-03
4.340000e-01 1.147389e-03
4.350000e-01 1.162781e-03
4.360000e-01 1.178112e-03
4.370000e-01 1.193380e-03
4.380000e-01 1.208586e-03
4.390000e-01 1.223726e-03
4.400000e-01 1.238802e-03
4.410000e-01 1.253810e-03
4.420000e-01 1.268750e-03
4.430000e-01 1.283621e-03
4.440000e-01 1.298421e-03
4.450000e-01 1.313149e-03
4.460000e-01 1.327804e-03
4.470000e-01 1.342386e-03
4.480000e-01 1.356891e-03
4.490000e-01 1.371320e-03
4.500000e-01 1.385672e-03
4.510000e-01 1.399944e-03
4.520000e-01 1.414136e-03
4.530000e-01 1.428246e-03
4.540000e-01 1.442274e-03
4.550000e-01 1.456219e-03
4.560000e-01 1.470078e-03
4.570000e-01 1.483851e-03
4.580000e-01 1.497536e-03
4.590000e-01 1.511133e-03
4.600000e-01 1.524640e-03
4.610000e-01 1.538057e-03
4.620000e-01 1.551381e-03
4.630000e-01 1.564612e-03
4.640000e-01 1.577749e-03
4.650000e-01 1.590789e-03
4.660000e-01 1.603734e-03
4.670000e-01 1.616580e-03
4.680000e-01 1.629327e-03
4.690000e-01 1.641974e-03
4.700000e-01 1.654520e-03
4.710000e-01 1.666963e-03
4.720000e-01 1.679303e-03
4.730000e-01 1.691538e-03
4.740000e-01 1.703667e-03
4.750000e-01 1.715689e-03
4.760000e-01 1.727602e-03
4.770000e-01 1.739407e-03
4.780000e-01 1.751101e-03
4.790000e-01 1.762683e-03
4.800000e-01 1.774154e-03
4.810000e-01 1.785510e-03
4.820000e-01 1.796751e-03
4.830000e-01 1.807877e-03
4.840000e-01 1.818886e-03
4.850000e-01 1.829776e-03
4.860000e-01 1.840548e-03
4.870000e-01 1.851199e-03
4.880000e-01 1.861729e-03
4.890000e-01 1.872137e-03
4.900000e-01 1.882421e-03
4.910000e-01 1.892581e-03
4.920000e-01 1.902616e-03
4.930000e-01 1.912524e-03
4.940000e-01 1.922304e-03
4.950000e-01 1.931956e-03
4.960000e-01 1.941478e-03
4.970000e-01 1.950869e-03
4.980000e-01 1.960129e-03
4.990000e-01 1.969256e-03
5.000000e-01 1.978250e-03
5.010000e-01 1.987109e-03
5.020000e-01 1.995832e-03
5.030000e-01 2.004419e-03
5.040000e-01 2.012868e-03
5.050000e-01 2.021179e-03
5.060000e-01 2.029350e-03
5.070000e-01 2.037380e-03
5.080000e-01 2.045269e-03
5.090000e-01 2.053016e-03
5.100000e-01 2.060619e-03
5.110000e-01 2.068079e-03
5.120000e-01 2.075393e-03
5.130000e-01 2.082561e-03
5.140000e-01 2.089582e-03
5.150000e-01 2.096455e-03
5.160000e-01 2.103179e-03
5.170000e-01 2.109754e-03
5.180000e-01 2.116178e-03
5.190000e-01 2.122451e-03
5.200000e-01 2.128572e-03
5.210000e-01 2.134539e-03
5.220000e-01 2.140352e-03
5.230000e-01 2.146011e-03
5.240000e-01 2.151514e-03
5.250000e-01 2.156860e-03
5.260000e-01 2.162050e-03
5.270000e-01 2.167081e-03
5.280000e-01 2.171953e-03
5.290000e-01 2.176665e-03
5.300000e-01 2.181217e-03
5.310000e-01 2.185608e-03
5.320000e-01 2.189837e-03
5.330000e-01 2.193903e-03
5.340000e-01 2.197805e-03
5.350000e-01 2.201543e-03
5.360000e-01 2.205116e-03
5.370000e-01 2.208524e-03
5.380000e-01 2.211764e-03
5.390000e-01 2.214838e-03
5.400000e-01 2.217744e-03
5.410000e-01 2.220481e-03
5.420000e-01 2.223050e-03
5.430000e-01 2.225448e-03
5.440000e-01 2.227675e-03
5.450000e-01 2.229732e-03
5.460000e-01 2.231617e-03
5.470000e-01 2.233329e-03
5.480000e-01 2.234868e-03
5.490000e-01 2.236233e-03
5.500000e-01 2.237424e-03
5.510000e-01 2.238440e-03
5.520000e-01 2.239281e-03
5.530000e-01 2.239946e-03
5.540000e-01 2.240434e-03
5.550000e-01 2.240744e-03
5.560000e-01 2.240877e-03
5.570000e-01 2.240832e-03
5.580000e-01 2.240608e-03
5.590000e-01 2.240205e-03
5.600000e-01 2.239622e-03
5.610000e-01 2.238859e-03
5.620000e-01 2.237915e-03
5.630000e-01 2.236789e-03
5.640000e-01 2.235482e-03
5.650000e-01 2.233993e-03
5.660000e-01 2.232321e-03
5.670000e-01 2.230467e-03
5.680000e-01 2.228428e-03
5.690000e-01 2.226207e-03
5.700000e-01 2.223800e-03
5.710000e-01 2.221210e-03
5.720000e-01 2.218434e-03
5.730000e-01 2.215473e-03
5.740000e-01 2.212326e-03
5.750000e-01 2.208993e-03
5.760000e-01 2.205474e-03
5.770000e-01 2.201769e-03
5.780000e-01 2.197876e-03
5.790000e-01 2.193796e-03
5.800000e-01 2.189529e-03
5.810000e-01 2.185074e-03
5.820000e-01 2.180430e-03
5.830000e-01 2.175599e-03
5.840000e-01 2.170579e-03
5.850000e-01 2.165370e-03
5.860000e-01 2.159973e-03
5.870000e-01 2.154386e-03
5.880000e-01 2.148610e-03
5.890000e-01 2.142645e-03
5.900000e-01 2.136489e-03
5.910000e-01 2.130145e-03
5.920000e-01 2.123610e-03
5.930000e-01 2.116885e-03
5.940000e-01 2.109970e-03
5.950000e-01 2.102865e-03
5.960000e-01 2.095570e-03
5.970000e-01 2.088084e-03
5.980000e-01 2.080408e-03
5.990000e-01 2.072541e-03
6.000000e-01 2.064484e-03
6.010000e-01 2.056237e-03
6.020000e-01 2.047799e-03
6.030000e-01 2.039170e-03
6.040000e-01 2.030351e-03
6.050000e-01 2.021342e-03
6.060000e-01 2.012142e-03
6.070000e-01 2.002752e-03
6.080000e-01 1.993171e-03
6.090000e-01 1.983401e-03
6.100000e-01 1.973440e-03
6.110000e-01 1.963290e-03
6.120000e-01 1.952950e-03
6.130000e-01 1.942420e-03
6.140000e-01 1.931701e-03
6.150000e-01 1.920792e-03
6.160000e-01 1.909695e-03
6.170000e-01 1.898408e-03
6.180000e-01 1.886933e-03
6.190000e-01 1.875269e-03
6.200000e-01 1.863417e-03
6.210000e-01 1.851377e-03
6.220000e-01 1.839150e-03
6.230000e-01 1.826735e-03
6.240000e-01 1.814133e-03
6.250000e-01 1.801344e-03
6.260000e-01 1.788369e-03
6.270000e-01 1.775208e-03
6.280000e-01 1.761861e-03
6.290000e-01 1.748329e-03
6.300000e-01 1.734611e-03
6.310000e-01 1.720709e-03
6.320000e-01 1.706623e-03
6.330000e-01 1.692353e-03
6.340000e-01 1.677900e-03
6.350000e-01 1.663265e-03
6.360000e-01 1.648447e-03
6.370000e-01 1.633447e-03
6.380000e-01 1.618265e-03
6.390000e-01 1.602903e-03
6.400000e-01 1.587361e-03
6.410000e-01 1.571639e-03
6.420000e-01 1.555738e-03
6.430000e-01 1.539658e-03
6.440000e-01 1.523400e-03
6.450000e-01 1.506965e-03
6.460000e-01 1.490354e-03
6.470000e-01 1.473566e-03
6.480000e-01 1.456603e-03
6.490000e-01 1.439465e-03
6.500000e-01 1.422153e-03
6.510000e-01 1.404668e-03
6.520000e-01 1.387010e-03
6.530000e-01 1.369180e-03
6.540000e-01 1.351179e-03
6.550000e-01 1.333008e-03
6.560000e-01 1.314667e-03
6.570000e-01 1.296158e-03
6.580000e-01 1.277480e-03
6.590000e-01 1.258636e-03
6.600000e-01 1.239625e-03
6.610000e-01 1.220449e-03
6.620000e-01 1.201108e-03
6.630000e-01 1.181604e-03
6.640000e-01 1.161937e-03
6.650000e-01 1.142108e-03
6.660000e-01 1.122118e-03
6.670000e-01 1.101969e-03
6.680000e-01 1.081660e-03
6.690000e-01 1.061194e-03
6.700000e-01 1.040571e-03
6.710000e-01 1.019792e-03
6.720000e-01 9.988580e-04
6.730000e-01 9.777704e-04
6.740000e-01 9.565301e-04
6.750000e-01 9.351383e-04
6.760000e-01 9.135959e-04
6.770000e-01 8.919042e-04
6.780000e-01 8.700642e-04
6.790000e-01 8.480772e-04
6.800000e-01 8.259443e-04
6.810000e-01 8.036667e-04
6.820000e-01 7.812456e-04
6.830000e-01 7.586822e-04
6.840000e-01 7.359777e-04
6.850000e-01 7.131335e-04
6.860000e-01 6.901508e-04
6.870000e-01 6.670309e-04
6.880000e-01 6.437751e-04
6.890000e-01 6.203846e-04
6.900000e-01 5.968610e-04
6.910000e-01 5.732054e-04
6.920000e-01 5.494193e-04
6.930000e-01 5.255040e-04
6.940000e-01 5.014611e-04
6.950000e-01 4.772918e-04
6.960000e-01 4.529977e-04
6.970000e-01 4.285802e-04
6.980000e-01 4.040407e-04
6.990000e-01 3.793808e-04
7.000000e-01 3.546020e-04
7.010000e-01 3.297057e-04
7.020000e-01 3.046936e-04
7.030000e-01 2.795672e-04
7.040000e-01 2.543280e-04
7.050000e-01 2.289777e-04
7.060000e-01 2.035178e-04
7.070000e-01 1.779501e-04
7.080000e-01 1.522761e-04
7.090000e-01 1.264974e-04
7.100000e-01 1.006159e-04
7.110000e-01 7.463306e-05
7.120000e-01 4.855074e-05
7.130000e-01 2.237062e-05
7.140000e-01 3.905551e-06
7.150000e-01 3.027601e-05
7.160000e-01 5.673898e-05
7.170000e-01 8.329267e-05
7.180000e-01 1.099353e-04
7.190000e-01 1.366649e-04
7.200000e-01 1.634798e-04
7.210000e-01 1.903780e-04
7.220000e-01 2.173577e-04
7.230000e-01 2.444170e-04
7.240000e-01 2.715540e-04
7.250000e-01 2.987666e-04
7.260000e-01 3.260531e-04
7.270000e-01 3.534114e-04
7.280000e-01 3.808395e-04
7.290000e-01 4.083354e-04
7.300000e-01 4.358971e-04
7.310000e-01 4.635226e-04
7.320000e-01 4.912098e-04
7.330000e-01 5.189567e-04
7.340000e-01 5.467611e-04
7.350000e-01 5.746209e-04
7.360000e-01 6.025342e-04
7.370000e-01 6.304986e-04
7.380000e-01 6.585120e-04
7.390000e-01 6.865723e-04
7.400000e-01 7.146773e-04
7.410000e-01 7.428247e-04
7.420000e-01 7.710125e-04
7.430000e-01 7.992382e-04
7.440000e-01 8.274996e-04
7.450000e-01 8.557946e-04
7.460000e-01 8.841207e-04
7.470000e-01 9.124756e-04
7.480000e-01 9.408572e-04
7.490000e-01 9.692629e-04
7.500000e-01 9.976905e-04
7.510000e-01 1.026138e-03
7.520000e-01 1.054602e-03
7.530000e-01 1.083080e-03
7.540000e-01 1.111571e-03
7.550000e-01 1.140072e-03
7.560000e-01 1.168580e-03
7.570000e-01 1.197093e-03
7.580000e-01 1.225609e-03
7.590000e-01 1.254124e-03
7.600000e-01 1.282636e-03
7.610000e-01 1.311143e-03
7.620000e-01 1.339643e-03
7.630000e-01 1.368132e-03
7.640000e-01 1.396608e-03
7.650000e-01 1.425068e-03
7.660000e-01 1.453510e-03
7.670000e-01 1.481932e-03
7.680000e-01 1.510329e-03
7.690000e-01 1.538701e-03
7.700000e-01 1.567044e-03
7.710000e-01 1.595355e-03
7.720000e-01 1.623631e-03
7.730000e-01 1.651871e-03
7.740000e-01 1.680071e-03
7.750000e-01 1.708228e-03
7.760000e-01 1.736339e-03
7.770000e-01 1.764403e-03
7.780000e-01 1.792415e-03
7.790000e-01 1.820373e-03
7.800000e-01 1.848275e-03
7.810000e-01 1.876116e-03
7.820000e-01 1.903896e-03
7.830000e-01 1.931609e-03
7.840000e-01 1.959255e-03
7.850000e-01 1.986829e-03
7.860000e-01 2.014328e-03
7.870000e-01 2.041750e-03
7.880000e-01 2.069092e-03
7.890000e-01 2.096351e-03
7.900000e-01 2.123523e-03
7.910000e-01 2.150606e-03
7.920000e-01 2.177597e-03
7.930000e-01 2.204492e-03
7.940000e-01 2.231288e-03
7.950000e-01 2.257983e-03
7.960000e-01 2.284573e-03
7.970000e-01 2.311055e-03
7.980000e-01 2.337426e-03
7.990000e-01 2.363682e-03
8.000000e-01 2.389821e-03
8.010000e-01 2.415839e-03
8.020000e-01 2.441734e-03
8.030000e-01 2.467501e-03
8.040000e-01 2.493138e-03
8.050000e-01 2.518641e-03
8.060000e-01 2.544007e-03
8.070000e-01 2.569234e-03
8.080000e-01 2.594316e-03
8.090000e-01 2.619252e-03
8.100000e-01 2.644037e-03
8.110000e-01 2.668669e-03
8.120000e-01 2.693144e-03
8.130000e-01 2.717459e-03
8.140000e-01 2.741610e-03
8.150000e-01 2.765593e-03
8.160000e-01 2.789406e-03
8.170000e-01 2.813046e-03
8.180000e-01 2.836507e-03
8.190000e-01 2.859788e-03
8.200000e-01 2.882884e-03
8.210000e-01 2.905792e-03
8.220000e-01 2.928509e-03
8.230000e-01 2.951030e-03
8.240000e-01 2.973353e-03
8.250000e-01 2.995474e-03
8.260000e-01 3.017389e-03
8.270000e-01 3.039095e-03
8.280000e-01 3.060588e-03
8.290000e-01 3.081864e-03
8.300000e-01 3.102920e-03
8.310000e-01 3.123752e-03
8.320000e-01 3.144356e-03
8.330000e-01 3.164730e-03
8.340000e-01 3.184868e-03
8.350000e-01 3.204767e-03
8.360000e-01 3.224425e-03
8.370000e-01 3.243836e-03
8.380000e-01 3.262997e-03
8.390000e-01 3.281904e-03
8.400000e-01 3.300554e-03
8.410000e-01 3.318943e-03
8.420000e-01 3.337067e-03
8.430000e-01 3.354922e-03
8.440000e-01 3.372504e-03
8.450000e-01 3.389809e-03
8.460000e-01 3.406835e-03
8.470000e-01 3.423575e-03
8.480000e-01 3.440028e-03
8.490000e-01 3.456188e-03
8.500000e-01 3.472053e-03
8.510000e-01 3.487617e-03
8.520000e-01 3.502877e-03
8.530000e-01 3.517830e-03
8.540000e-01 3.532470e-03
8.550000e-01 3.546795e-03
8.560000e-01 3.560800e-03
8.570000e-01 3.574481e-03
8.580000e-01 3.587834e-03
8.590000e-01 3.600855e-03
8.600000e-01 3.613541e-03
8.610000e-01 3.625886e-03
8.620000e-01 3.637887e-03
8.630000e-01 3.649539e-03
8.640000e-01 3.660840e-03
8.650000e-01 3.671784e-03
8.660000e-01 3.682367e-03
8.670000e-01 3.692586e-03
8.680000e-01 3.702435e-03
8.690000e-01 3.711912e-03
8.700000e-01 3.721011e-03
8.710000e-01 3.729730e-03
8.720000e-01 3.738062e-03
8.730000e-01 3.746005e-03
8.740000e-01 3.753553e-03
8.750000e-01 3.760704e-03
8.760000e-01 3.767451e-03
8.770000e-01 3.773792e-03
8.780000e-01 3.779722e-03
8.790000e-01 3.785237e-03
8.800000e-01 3.790332e-03
8.810000e-01 3.795002e-03
8.820000e-01 3.799245e-03
8.830000e-01 3.803055e-03
8.840000e-01 3.806428e-03
8.850000e-01 3.809360e-03
8.860000e-01 3.811846e-03
8.870000e-01 3.813882e-03
8.880000e-01 3.815464e-03
8.890000e-01 3.816587e-03
8.900000e-01 3.817246e-03
8.910000e-01 3.817438e-03
8.920000e-01 3.817158e-03
8.930000e-01 3.816402e-03
8.940000e-01 3.815164e-03
8.950000e-01 3.813441e-03
8.960000e-01 3.811229e-03
8.970000e-01 3.808521e-03
8.980000e-01 3.805315e-03
8.990000e-01 3.801606e-03
9.000000e-01 3.797389e-03
9.010000e-01 3.792659e-03
9.020000e-01 3.787413e-03
9.030000e-01 3.781645e-03
9.040000e-01 3.775351e-03
9.050000e-01 3.768526e-03
9.060000e-01 3.761167e-03
9.070000e-01 3.753267e-03
9.080000e-01 3.744824e-03
9.090000e-01 3.735831e-03
9.100000e-01 3.726285e-03
9.110000e-01 3.716181e-03
9.120000e-01 3.705514e-03
9.130000e-01 3.694280e-03
9.140000e-01 3.682474e-03
9.150000e-01 3.670091e-03
9.160000e-01 3.657127e-03
9.170000e-01 3.643577e-03
9.180000e-01 3.629436e-03
9.190000e-01 3.614700e-03
9.200000e-01 3.599364e-03
9.210000e-01 3.583423e-03
9.220000e-01 3.566872e-03
9.230000e-01 3.549708e-03
9.240000e-01 3.531925e-03
9.250000e-01 3.513518e-03
9.260000e-01 3.494482e-03
9.270000e-01 3.474814e-03
9.280000e-01 3.454507e-03
9.290000e-01 3.433558e-03
9.300000e-01 3.411962e-03
9.310000e-01 3.389713e-03
9.320000e-01 3.366808e-03
9.330000e-01 3.343241e-03
9.340000e-01 3.319007e-03
9.350000e-01 3.294101e-03
9.360000e-01 3.268520e-03
9.370000e-01 3.242258e-03
9.380000e-01 3.215309e-03
9.390000e-01 3.187670e-03
9.400000e-01 3.159336e-03
9.410000e-01 3.130301e-03
9.420000e-01 3.100561e-03
9.430000e-01 3.070111e-03
9.440000e-01 3.038945e-03
9.450000e-01 3.007060e-03
9.460000e-01 2.974451e-03
9.470000e-01 2.941111e-03
9.480000e-01 2.907038e-03
9.490000e-01 2.872224e-03
9.500000e-01 2.836667e-03
9.510000e-01 2.800360e-03
9.520000e-01 2.763299e-03
9.530000e-01 2.725480e-03
9.540000e-01 2.686896e-03
9.550000e-01 2.647543e-03
9.560000e-01 2.607416e-03
9.570000e-01 2.566511e-03
9.580000e-01 2.524822e-03
9.590000e-01 2.482344e-03
9.600000e-01 2.439072e-03
9.610000e-01 2.395002e-03
9.620000e-01 2.350129e-03
9.630000e-01 2.304446e-03
9.640000e-01 2.257951e-03
9.650000e-01 2.210636e-03
9.660000e-01 2.162499e-03
9.670000e-01 2.113532e-03
9.680000e-01 2.063733e-03
9.690000e-01 2.013094e-03
9.700000e-01 1.961613e-03
9.710000e-01 1.909283e-03
9.720000e-01 1.856099e-03
9.730000e-01 1.802057e-03
9.740000e-01 1.747151e-03
9.750000e-01 1.691377e-03
9.760000e-01 1.634729e-03
9.770000e-01 1.577203e-03
9.780000e-01 1.518793e-03
9.790000e-01 1.459494e-03
9.800000e-01 1.399302e-03
9.810000e-01 1.338211e-03
9.820000e-01 1.276216e-03
9.830000e-01 1.213312e-03
9.840000e-01 1.149495e-03
9.850000e-01 1.084758e-03
9.860000e-01 1.019098e-03
9.870000e-01 9.525082e-04
9.880000e-01 8.849847e-04
9.890000e-01 8.165220e-04
9.900000e-01 7.471151e-04
9.910000e-01 6.767590e-04
9.920000e-01 6.054485e-04
9.930000e-01 5.331786e-04
9.940000e-01 4.599442e-04
9.950000e-01 3.857403e-04
9.960000e-01 3.105618e-04
9.970000e-01 2.344036e-04
9.980000e-01 1.572606e-04
9.990000e-01 7.912775e-05
