0.000000e+00 0.000000e+00
1.000000e-03 7.773413e-06
2.000000e-03 1.554583e-05
3.000000e-03 2.331627e-05
4.000000e-03 3.108373e-05
5.000000e-03 3.884722e-05
6.000000e-03 4.660576e-05
7.000000e-03 5.435834e-05
8.000000e-03 6.210399e-05
9.000000e-03 6.984171e-05
1.000000e-02 7.757051e-05
1.100000e-02 8.528941e-05
1.200000e-02 9.299742e-05
1.300000e-02 1.006936e-04
1.400000e-02 1.083768e-04
1.500000e-02 1.160463e-04
1.600000e-02 1.237009e-04
1.700000e-02 1.313398e-04
1.800000e-02 1.389618e-04
1.900000e-02 1.465661e-04
2.000000e-02 1.541517e-04
2.100000e-02 1.617176e-04
2.200000e-02 1.692629e-04
2.300000e-02 1.767865e-04
2.400000e-02 1.842876e-04
2.500000e-02 1.917651e-04
2.600000e-02 1.992181e-04
2.700000e-02 2.066456e-04
2.800000e-02 2.140468e-04
2.900000e-02 2.214206e-04
3.000000e-02 2.287661e-04
3.100000e-02 2.360823e-04
3.200000e-02 2.433684e-04
3.300000e-02 2.506233e-04
3.400000e-02 2.578463e-04
3.500000e-02 2.650362e-04
3.600000e-02 2.721922e-04
3.700000e-02 2.793135e-04
3.800000e-02 2.863990e-04
3.900000e-02 2.934479e-04
4.000000e-02 3.004592e-04
4.100000e-02 3.074321e-04
4.200000e-02 3.143656e-04
4.300000e-02 3.212589e-04
4.400000e-02 3.281111e-04
4.500000e-02 3.349212e-04
4.600000e-02 3.416885e-04
4.700000e-02 3.484120e-04
4.800000e-02 3.550909e-04
4.900000e-02 3.617243e-04
5.000000e-02 3.683114e-04
5.100000e-02 3.748513e-04
5.200000e-02 3.813431e-04
5.300000e-02 3.877860e-04
5.400000e-02 3.941792e-04
5.500000e-02 4.005219e-04
5.600000e-02 4.068132e-04
5.700000e-02 4.130524e-04
5.800000e-02 4.192385e-04
5.900000e-02 4.253708e-04
6.000000e-02 4.314485e-04
6.100000e-02 4.374709e-04
6.200000e-02 4.434371e-04
6.300000e-02 4.493463e-04
6.400000e-02 4.551978e-04
6.500000e-02 4.609908e-04
6.600000e-02 4.667246e-04
6.700000e-02 4.723984e-04
6.800000e-02 4.780114e-04
6.900000e-02 4.835630e-04
7.000000e-02 4.890524e-04
7.100000e-02 4.944789e-04
7.200000e-02 4.998417e-04
7.300000e-02 5.051402e-04
7.400000e-02 5.103737e-04
7.500000e-02 5.155415e-04
7.600000e-02 5.206428e-04
7.700000e-02 5.256770e-04
7.800000e-02 5.306436e-04
7.900000e-02 5.355417e-04
8.000000e-02 5.403707e-04
8.100000e-02 5.451301e-04
8.200000e-02 5.498191e-04
8.300000e-02 5.544371e-04
8.400000e-02 5.589836e-04
8.500000e-02 5.634579e-04
8.600000e-02 5.678594e-04
8.700000e-02 5.721876e-04
8.800000e-02 5.764418e-04
8.900000e-02 5.806215e-04
9.000000e-02 5.847261e-04
9.100000e-02 5.887550e-04
9.200000e-02 5.927077e-04
9.300000e-02 5.965838e-04
9.400000e-02 6.003825e-04
9.500000e-02 6.041035e-04
9.600000e-02 6.077462e-04
9.700000e-02 6.113101e-04
9.800000e-02 6.147948e-04
9.900000e-02 6.181997e-04
1.000000e-01 6.215244e-04
1.010000e-01 6.247683e-04
1.020000e-01 6.279312e-04
1.030000e-01 6.310125e-04
1.040000e-01 6.340117e-04
1.050000e-01 6.369286e-04
1.060000e-01 6.397626e-04
1.070000e-01 6.425133e-04
1.080000e-01 6.451804e-04
1.090000e-01 6.477635e-04
1.100000e-01 6.502622e-04
1.110000e-01 6.526761e-04
1.120000e-01 6.550050e-04
1.130000e-01 6.572484e-04
1.140000e-01 6.594060e-04
1.150000e-01 6.614775e-04
1.160000e-01 6.634626e-04
1.170000e-01 6.653610e-04
1.180000e-01 6.671724e-04
1.190000e-01 6.688966e-04
1.200000e-01 6.705332e-04
1.210000e-01 6.720820e-04
1.220000e-01 6.735428e-04
1.230000e-01 6.749153e-04
1.240000e-01 6.761993e-04
1.250000e-01 6.773945e-04
1.260000e-01 6.785009e-04
1.270000e-01 6.795181e-04
1.280000e-01 6.804461e-04
1.290000e-01 6.812845e-04
1.300000e-01 6.820334e-04
1.310000e-01 6.826925e-04
1.320000e-01 6.832617e-04
1.330000e-01 6.837408e-04
1.340000e-01 6.841298e-04
1.350000e-01 6.844285e-04
1.360000e-01 6.846369e-04
1.370000e-01 6.847548e-04
1.380000e-01 6.847823e-04
1.390000e-01 6.847191e-04
1.400000e-01 6.845654e-04
1.410000e-01 6.843210e-04
1.420000e-01 6.839860e-04
1.430000e-01 6.835602e-04
1.440000e-01 6.830437e-04
1.450000e-01 6.824366e-04
1.460000e-01 6.817387e-04
1.470000e-01 6.809503e-04
1.480000e-01 6.800712e-04
1.490000e-01 6.791016e-04
1.500000e-01 6.780414e-04
1.510000e-01 6.768909e-04
1.520000e-01 6.756500e-04
1.530000e-01 6.743189e-04
1.540000e-01 6.728977e-04
1.550000e-01 6.713865e-04
1.560000e-01 6.697854e-04
1.570000e-01 6.680945e-04
1.580000e-01 6.663141e-04
1.590000e-01 6.644442e-04
1.600000e-01 6.624851e-04
1.610000e-01 6.604369e-04
1.620000e-01 6.582999e-04
1.630000e-01 6.560742e-04
1.640000e-01 6.537601e-04
1.650000e-01 6.513578e-04
1.660000e-01 6.488675e-04
1.670000e-01 6.462895e-04
1.680000e-01 6.436241e-04
1.690000e-01 6.408714e-04
1.700000e-01 6.380319e-04
1.710000e-01 6.351058e-04
1.720000e-01 6.320934e-04
1.730000e-01 6.289951e-04
1.740000e-01 6.258111e-04
1.750000e-01 6.225418e-04
1.760000e-01 6.191876e-04
1.770000e-01 6.157488e-04
1.780000e-01 6.122257e-04
1.790000e-01 6.086189e-04
1.800000e-01 6.049286e-04
1.810000e-01 6.011553e-04
1.820000e-01 5.972993e-04
1.830000e-01 5.933612e-04
1.840000e-01 5.893413e-04
1.850000e-01 5.852401e-04
1.860000e-01 5.810581e-04
1.870000e-01 5.767957e-04
1.880000e-01 5.724534e-04
1.890000e-01 5.680316e-04
1.900000e-01 5.635310e-04
1.910000e-01 5.589519e-04
1.920000e-01 5.542950e-04
1.930000e-01 5.495607e-04
1.940000e-01 5.447496e-04
1.950000e-01 5.398622e-04
1.960000e-01 5.348991e-04
1.970000e-01 5.298608e-04
1.980000e-01 5.247480e-04
1.990000e-01 5.195612e-04
2.000000e-01 5.143010e-04
2.010000e-01 5.089681e-04
2.020000e-01 5.035630e-04
2.030000e-01 4.980863e-04
2.040000e-01 4.925388e-04
2.050000e-01 4.869211e-04
2.060000e-01 4.812337e-04
2.070000e-01 4.754774e-04
2.080000e-01 4.696529e-04
2.090000e-01 4.637608e-04
2.100000e-01 4.578019e-04
2.110000e-01 4.517767e-04
2.120000e-01 4.456861e-04
2.130000e-01 4.395308e-04
2.140000e-01 4.333114e-04
2.150000e-01 4.270288e-04
2.160000e-01 4.206836e-04
2.170000e-01 4.142766e-04
2.180000e-01 4.078087e-04
2.190000e-01 4.012804e-04
2.200000e-01 3.946927e-04
2.210000e-01 3.880463e-04
2.220000e-01 3.813420e-04
2.230000e-01 3.745806e-04
2.240000e-01 3.677629e-04
2.250000e-01 3.608898e-04
2.260000e-01 3.539620e-04
2.270000e-01 3.469805e-04
2.280000e-01 3.399460e-04
2.290000e-01 3.328593e-04
2.300000e-01 3.257214e-04
2.310000e-01 3.185332e-04
2.320000e-01 3.112954e-04
2.330000e-01 3.040089e-04
2.340000e-01 2.966747e-04
2.350000e-01 2.892937e-04
2.360000e-01 2.818667e-04
2.370000e-01 2.743946e-04
2.380000e-01 2.668784e-04
2.390000e-01 2.593189e-04
2.400000e-01 2.517171e-04
2.410000e-01 2.440740e-04
2.420000e-01 2.363905e-04
2.430000e-01 2.286674e-04
2.440000e-01 2.209058e-04
2.450000e-01 2.131067e-04
2.460000e-01 2.052709e-04
2.470000e-01 1.973995e-04
2.480000e-01 1.894933e-04
2.490000e-01 1.815535e-04
2.500000e-01 1.735810e-04
2.510000e-01 1.655767e-04
2.520000e-01 1.575417e-04
2.530000e-01 1.494770e-04
2.540000e-01 1.413836e-04
2.550000e-01 1.332624e-04
2.560000e-01 1.251145e-04
2.570000e-01 1.169409e-04
2.580000e-01 1.087427e-04
2.590000e-01 1.005209e-04
2.600000e-01 9.227639e-05
2.610000e-01 8.401036e-05
2.620000e-01 7.572380e-05
2.630000e-01 6.741776e-05
2.640000e-01 5.909329e-05
2.650000e-01 5.075143e-05
2.660000e-01 4.239324e-05
2.670000e-01 3.401978e-05
2.680000e-01 2.563211e-05
2.690000e-01 1.723130e-05
2.700000e-01 8.818418e-06
2.710000e-01 3.945280e-07
2.720000e-01 8.039292e-06
2.730000e-01 1.648197e-05
2.740000e-01 2.493242e-05
2.750000e-01 3.338956e-05
2.760000e-01 4.185231e-05
2.770000e-01 5.031958e-05
2.780000e-01 5.879029e-05
2.790000e-01 6.726335e-05
2.800000e-01 7.573766e-05
2.810000e-01 8.421212e-05
2.820000e-01 9.268565e-05
2.830000e-01 1.011572e-04
2.840000e-01 1.096255e-04
2.850000e-01 1.180897e-04
2.860000e-01 1.265485e-04
2.870000e-01 1.350008e-04
2.880000e-01 1.434457e-04
2.890000e-01 1.518819e-04
2.900000e-01 1.603083e-04
2.910000e-01 1.687240e-04
2.920000e-01 1.771276e-04
2.930000e-01 1.855183e-04
2.940000e-01 1.938947e-04
2.950000e-01 2.022559e-04
2.960000e-01 2.106008e-04
2.970000e-01 2.189281e-04
2.980000e-01 2.272369e-04
2.990000e-01 2.355261e-04
3.000000e-01 2.437944e-04
3.010000e-01 2.520409e-04
3.020000e-01 2.602644e-04
3.030000e-01 2.684639e-04
3.040000e-01 2.766381e-04
3.050000e-01 2.847861e-04
3.060000e-01 2.929067e-04
3.070000e-01 3.009989e-04
3.080000e-01 3.090616e-04
3.090000e-01 3.170936e-04
3.100000e-01 3.250938e-04
3.110000e-01 3.330613e-04
3.120000e-01 3.409949e-04
3.130000e-01 3.488935e-04
3.140000e-01 3.567561e-04
3.150000e-01 3.645816e-04
3.160000e-01 3.723689e-04
3.170000e-01 3.801169e-04
3.180000e-01 3.878246e-04
3.190000e-01 3.954909e-04
3.200000e-01 4.031147e-04
3.210000e-01 4.106951e-04
3.220000e-01 4.182309e-04
3.230000e-01 4.257211e-04
3.240000e-01 4.331647e-04
3.250000e-01 4.405606e-04
3.260000e-01 4.479078e-04
3.270000e-01 4.552052e-04
3.280000e-01 4.624518e-04
3.290000e-01 4.696467e-04
3.300000e-01 4.767887e-04
3.310000e-01 4.838769e-04
3.320000e-01 4.909103e-04
3.330000e-01 4.978878e-04
3.340000e-01 5.048085e-04
3.350000e-01 5.116713e-04
3.360000e-01 5.184754e-04
3.370000e-01 5.252196e-04
3.380000e-01 5.319031e-04
3.390000e-01 5.385248e-04
3.400000e-01 5.450839e-04
3.410000e-01 5.515792e-04
3.420000e-01 5.580100e-04
3.430000e-01 5.643752e-04
3.440000e-01 5.706739e-04
3.450000e-01 5.769051e-04
3.460000e-01 5.830680e-04
3.470000e-01 5.891617e-04
3.480000e-01 5.951851e-04
3.490000e-01 6.011375e-04
3.500000e-01 6.070179e-04
3.510000e-01 6.128254e-04
3.520000e-01 6.185591e-04
3.530000e-01 6.242183e-04
3.540000e-01 6.298019e-04
3.550000e-01 6.353091e-04
3.560000e-01 6.407392e-04
3.570000e-01 6.460912e-04
3.580000e-01 6.513643e-04
3.590000e-01 6.565577e-04
3.600000e-01 6.616706e-04
3.610000e-01 6.667021e-04
3.620000e-01 6.716515e-04
3.630000e-01 6.765179e-04
3.640000e-01 6.813007e-04
3.650000e-01 6.859989e-04
3.660000e-01 6.906119e-04
3.670000e-01 6.951388e-04
3.680000e-01 6.995790e-04
3.690000e-01 7.039317e-04
3.700000e-01 7.081961e-04
3.710000e-01 7.123717e-04
3.720000e-01 7.164575e-04
3.730000e-01 7.204530e-04
3.740000e-01 7.243574e-04
3.750000e-01 7.281701e-04
3.760000e-01 7.318904e-04
3.770000e-01 7.355177e-04
3.780000e-01 7.390512e-04
3.790000e-01 7.424904e-04
3.800000e-01 7.458346e-04
3.810000e-01 7.490833e-04
3.820000e-01 7.522357e-04
3.830000e-01 7.552914e-04
3.840000e-01 7.582496e-04
3.850000e-01 7.611099e-04
3.860000e-01 7.638717e-04
3.870000e-01 7.665345e-04
3.880000e-01 7.690976e-04
3.890000e-01 7.715606e-04
3.900000e-01 7.739229e-04
3.910000e-01 7.761841e-04
3.920000e-01 7.783436e-04
3.930000e-01 7.804009e-04
3.940000e-01 7.823557e-04
3.950000e-01 7.842074e-04
3.960000e-01 7.859556e-04
3.970000e-01 7.875998e-04
3.980000e-01 7.891396e-04
3.990000e-01 7.905747e-04
4.000000e-01 7.919045e-04
4.010000e-01 7.931288e-04
4.020000e-01 7.942471e-04
4.030000e-01 7.952591e-04
4.040000e-01 7.961645e-04
4.050000e-01 7.969629e-04
4.060000e-01 7.976539e-04
4.070000e-01 7.982373e-04
4.080000e-01 7.987128e-04
4.090000e-01 7.990800e-04
4.100000e-01 7.993388e-04
4.110000e-01 7.994888e-04
4.120000e-01 7.995298e-04
4.130000e-01 7.994616e-04
4.140000e-01 7.992839e-04
4.150000e-01 7.989966e-04
4.160000e-01 7.985994e-04
4.170000e-01 7.980922e-04
4.180000e-01 7.974748e-04
4.190000e-01 7.967470e-04
4.200000e-01 7.959087e-04
4.210000e-01 7.949598e-04
4.220000e-01 7.939002e-04
4.230000e-01 7.927297e-04
4.240000e-01 7.914483e-04
4.250000e-01 7.900559e-04
4.260000e-01 7.885525e-04
4.270000e-01 7.869380e-04
4.280000e-01 7.852123e-04
4.290000e-01 7.833755e-04
4.300000e-01 7.814276e-04
4.310000e-01 7.793685e-04
4.320000e-01 7.771983e-04
4.330000e-01 7.749170e-04
4.340000e-01 7.725248e-04
4.350000e-01 7.700215e-04
4.360000e-01 7.674074e-04
4.370000e-01 7.646825e-04
4.380000e-01 7.618470e-04
4.390000e-01 7.589009e-04
4.400000e-01 7.558444e-04
4.410000e-01 7.526777e-04
4.420000e-01 7.494009e-04
4.430000e-01 7.460142e-04
4.440000e-01 7.425178e-04
4.450000e-01 7.389119e-04
4.460000e-01 7.351967e-04
4.470000e-01 7.313724e-04
4.480000e-01 7.274394e-04
4.490000e-01 7.233979e-04
4.500000e-01 7.192482e-04
4.510000e-01 7.149905e-04
4.520000e-01 7.106252e-04
4.530000e-01 7.061525e-04
4.540000e-01 7.015729e-04
4.550000e-01 6.968867e-04
4.560000e-01 6.920943e-04
4.570000e-01 6.871960e-04
4.580000e-01 6.821922e-04
4.590000e-01 6.770834e-04
4.600000e-01 6.718699e-04
4.610000e-01 6.665523e-04
4.620000e-01 6.611309e-04
4.630000e-01 6.556062e-04
4.640000e-01 6.499787e-04
4.650000e-01 6.442490e-04
4.660000e-01 6.384175e-04
4.670000e-01 6.324847e-04
4.680000e-01 6.264512e-04
4.690000e-01 6.203175e-04
4.700000e-01 6.140842e-04
4.710000e-01 6.077520e-04
4.720000e-01 6.013212e-04
4.730000e-01 5.947927e-04
4.740000e-01 5.881670e-04
4.750000e-01 5.814448e-04
4.760000e-01 5.746266e-04
4.770000e-01 5.677132e-04
4.780000e-01 5.607053e-04
4.790000e-01 5.536035e-04
4.800000e-01 5.464086e-04
4.810000e-01 5.391212e-04
4.820000e-01 5.317421e-04
4.830000e-01 5.242721e-04
4.840000e-01 5.167119e-04
4.850000e-01 5.090622e-04
4.860000e-01 5.013240e-04
4.870000e-01 4.934979e-04
4.880000e-01 4.855849e-04
4.890000e-01 4.775856e-04
4.900000e-01 4.695011e-04
4.910000e-01 4.613320e-04
4.920000e-01 4.530793e-04
4.930000e-01 4.447440e-04
4.940000e-01 4.363268e-04
4.950000e-01 4.278286e-04
4.960000e-01 4.192505e-04
4.970000e-01 4.105933e-04
4.980000e-01 4.018580e-04
4.990000e-01 3.930455e-04
5.000000e-01 3.841569e-04
5.010000e-01 3.751930e-04
5.020000e-01 3.661550e-04
5.030000e-01 3.570437e-04
5.040000e-01 3.478603e-04
5.050000e-01 3.386057e-04
5.060000e-01 3.292810e-04
5.070000e-01 3.198874e-04
5.080000e-01 3.104257e-04
5.090000e-01 3.008972e-04
5.100000e-01 2.913028e-04
5.110000e-01 2.816438e-04
5.120000e-01 2.719213e-04
5.130000e-01 2.621363e-04
5.140000e-01 2.522900e-04
5.150000e-01 2.423836e-04
5.160000e-01 2.324182e-04
5.170000e-01 2.223949e-04
5.180000e-01 2.123151e-04
5.190000e-01 2.021799e-04
5.200000e-01 1.919904e-04
5.210000e-01 1.817479e-04
5.220000e-01 1.714537e-04
5.230000e-01 1.611089e-04
5.240000e-01 1.507149e-04
5.250000e-01 1.402728e-04
5.260000e-01 1.297840e-04
5.270000e-01 1.192498e-04
5.280000e-01 1.086713e-04
5.290000e-01 9.804996e-05
5.300000e-01 8.738705e-05
5.310000e-01 7.668388e-05
5.320000e-01 6.594179e-05
5.330000e-01 5.516211e-05
5.340000e-01 4.434620e-05
5.350000e-01 3.349540e-05
5.360000e-01 2.261108e-05
5.370000e-01 1.169461e-05
5.380000e-01 7.473860e-07
5.390000e-01 1.022921e-05
5.400000e-01 2.123379e-05
5.410000e-01 3.226492e-05
5.420000e-01 4.332121e-05
5.430000e-01 5.440122e-05
5.440000e-01 6.550353e-05
5.450000e-01 7.662669e-05
5.460000e-01 8.776925e-05
5.470000e-01 9.892977e-05
5.480000e-01 1.101068e-04
5.490000e-01 1.212988e-04
5.500000e-01 1.325044e-04
5.510000e-01 1.437220e-04
5.520000e-01 1.549503e-04
5.530000e-01 1.661876e-04
5.540000e-01 1.774324e-04
5.550000e-01 1.886834e-04
5.560000e-01 1.999389e-04
5.570000e-01 2.111974e-04
5.580000e-01 2.224575e-04
5.590000e-01 2.337175e-04
5.600000e-01 2.449759e-04
5.610000e-01 2.562313e-04
5.620000e-01 2.674820e-04
5.630000e-01 2.787265e-04
5.640000e-01 2.899632e-04
5.650000e-01 3.011906e-04
5.660000e-01 3.124071e-04
5.670000e-01 3.236112e-04
5.680000e-01 3.348012e-04
5.690000e-01 3.459756e-04
5.700000e-01 3.571328e-04
5.710000e-01 3.682712e-04
5.720000e-01 3.793892e-04
5.730000e-01 3.904853e-04
5.740000e-01 4.015578e-04
5.750000e-01 4.126052e-04
5.760000e-01 4.236257e-04
5.770000e-01 4.346180e-04
5.780000e-01 4.455802e-04
5.790000e-01 4.565108e-04
5.800000e-01 4.674083e-04
5.810000e-01 4.782710e-04
5.820000e-01 4.890972e-04
5.830000e-01 4.998854e-04
5.840000e-01 5.106339e-04
5.850000e-01 5.213412e-04
5.860000e-01 5.320056e-04
5.870000e-01 5.426255e-04
5.880000e-01 5.531992e-04
5.890000e-01 5.637252e-04
5.900000e-01 5.742018e-04
5.910000e-01 5.846274e-04
5.920000e-01 5.950005e-04
5.930000e-01 6.053192e-04
5.940000e-01 6.155822e-04
5.950000e-01 6.257876e-04
5.960000e-01 6.359340e-04
5.970000e-01 6.460197e-04
5.980000e-01 6.560430e-04
5.990000e-01 6.660024e-04
6.000000e-01 6.758963e-04
6.010000e-01 6.857231e-04
6.020000e-01 6.954810e-04
6.030000e-01 7.051686e-04
6.040000e-01 7.147843e-04
6.050000e-01 7.243264e-04
6.060000e-01 7.337933e-04
6.070000e-01 7.431834e-04
6.080000e-01 7.524953e-04
6.090000e-01 7.617272e-04
6.100000e-01 7.708775e-04
6.110000e-01 7.799448e-04
6.120000e-01 7.889275e-04
6.130000e-01 7.978239e-04
6.140000e-01 8.066325e-04
6.150000e-01 8.153517e-04
6.160000e-01 8.239801e-04
6.170000e-01 8.325160e-04
6.180000e-01 8.409578e-04
6.190000e-01 8.493042e-04
6.200000e-01 8.575534e-04
6.210000e-01 8.657041e-04
6.220000e-01 8.737546e-04
6.230000e-01 8.817035e-04
6.240000e-01 8.895493e-04
6.250000e-01 8.972904e-04
6.260000e-01 9.049254e-04
6.270000e-01 9.124528e-04
6.280000e-01 9.198710e-04
6.290000e-01 9.271787e-04
6.300000e-01 9.343744e-04
6.310000e-01 9.414566e-04
6.320000e-01 9.484239e-04
6.330000e-01 9.552748e-04
6.340000e-01 9.620079e-04
6.350000e-01 9.686218e-04
6.360000e-01 9.751151e-04
6.370000e-01 9.814864e-04
6.380000e-01 9.877342e-04
6.390000e-01 9.938573e-04
6.400000e-01 9.998542e-04
6.410000e-01 1.005724e-03
6.420000e-01 1.011464e-03
6.430000e-01 1.017074e-03
6.440000e-01 1.022553e-03
6.450000e-01 1.027899e-03
6.460000e-01 1.033111e-03
6.470000e-01 1.038187e-03
6.480000e-01 1.043127e-03
6.490000e-01 1.047929e-03
6.500000e-01 1.052591e-03
6.510000e-01 1.057113e-03
6.520000e-01 1.061493e-03
6.530000e-01 1.065730e-03
6.540000e-01 1.069823e-03
6.550000e-01 1.073771e-03
6.560000e-01 1.077572e-03
6.570000e-01 1.081225e-03
6.580000e-01 1.084730e-03
6.590000e-01 1.088085e-03
6.600000e-01 1.091288e-03
6.610000e-01 1.094339e-03
6.620000e-01 1.097237e-03
6.630000e-01 1.099981e-03
6.640000e-01 1.102569e-03
6.650000e-01 1.105001e-03
6.660000e-01 1.107275e-03
6.670000e-01 1.109390e-03
6.680000e-01 1.111346e-03
6.690000e-01 1.113142e-03
6.700000e-01 1.114776e-03
6.710000e-01 1.116247e-03
6.720000e-01 1.117556e-03
6.730000e-01 1.118699e-03
6.740000e-01 1.119678e-03
6.750000e-01 1.120491e-03
6.760000e-01 1.121136e-03
6.770000e-01 1.121614e-03
6.780000e-01 1.121923e-03
6.790000e-01 1.122063e-03
6.800000e-01 1.122032e-03
6.810000e-01 1.121831e-03
6.820000e-01 1.121458e-03
6.830000e-01 1.120912e-03
6.840000e-01 1.120193e-03
6.850000e-01 1.119300e-03
6.860000e-01 1.118233e-03
6.870000e-01 1.116990e-03
6.880000e-01 1.115571e-03
6.890000e-01 1.113976e-03
6.900000e-01 1.112204e-03
6.910000e-01 1.110254e-03
6.920000e-01 1.108126e-03
6.930000e-01 1.105819e-03
6.940000e-01 1.103333e-03
6.950000e-01 1.100667e-03
6.960000e-01 1.097821e-03
6.970000e-01 1.094794e-03
6.980000e-01 1.091587e-03
6.990000e-01 1.088197e-03
7.000000e-01 1.084626e-03
7.010000e-01 1.080872e-03
7.020000e-01 1.076936e-03
7.030000e-01 1.072817e-03
7.040000e-01 1.068515e-03
7.050000e-01 1.064029e-03
7.060000e-01 1.059360e-03
7.070000e-01 1.054506e-03
7.080000e-01 1.049469e-03
7.090000e-01 1.044247e-03
7.100000e-01 1.038841e-03
7.110000e-01 1.033250e-03
7.120000e-01 1.027474e-03
7.130000e-01 1.021514e-03
7.140000e-01 1.015369e-03
7.150000e-01 1.009039e-03
7.160000e-01 1.002525e-03
7.170000e-01 9.958251e-04
7.180000e-01 9.889408e-04
7.190000e-01 9.818719e-04
7.200000e-01 9.746184e-04
7.210000e-01 9.671804e-04
7.220000e-01 9.595581e-04
7.230000e-01 9.517518e-04
7.240000e-01 9.437615e-04
7.250000e-01 9.355875e-04
7.260000e-01 9.272301e-04
7.270000e-01 9.186896e-04
7.280000e-01 9.099663e-04
7.290000e-01 9.010604e-04
7.300000e-01 8.919725e-04
7.310000e-01 8.827028e-04
7.320000e-01 8.732519e-04
7.330000e-01 8.636201e-04
7.340000e-01 8.538079e-04
7.350000e-01 8.438159e-04
7.360000e-01 8.336445e-04
7.370000e-01 8.232944e-04
7.380000e-01 8.127661e-04
7.390000e-01 8.020602e-04
7.400000e-01 7.911775e-04
7.410000e-01 7.801185e-04
7.420000e-01 7.688840e-04
7.430000e-01 7.574747e-04
7.440000e-01 7.458913e-04
7.450000e-01 7.341348e-04
7.460000e-01 7.222058e-04
7.470000e-01 7.101053e-04
7.480000e-01 6.978341e-04
7.490000e-01 6.853932e-04
7.500000e-01 6.727834e-04
7.510000e-01 6.600058e-04
7.520000e-01 6.470613e-04
7.530000e-01 6.339510e-04
7.540000e-01 6.206760e-04
7.550000e-01 6.072374e-04
7.560000e-01 5.936362e-04
7.570000e-01 5.798736e-04
7.580000e-01 5.659508e-04
7.590000e-01 5.518691e-04
7.600000e-01 5.376296e-04
7.610000e-01 5.232337e-04
7.620000e-01 5.086827e-04
7.630000e-01 4.939779e-04
7.640000e-01 4.791206e-04
7.650000e-01 4.641123e-04
7.660000e-01 4.489545e-04
7.670000e-01 4.336485e-04
7.680000e-01 4.181959e-04
7.690000e-01 4.025982e-04
7.700000e-01 3.868571e-04
7.710000e-01 3.709739e-04
7.720000e-01 3.549505e-04
7.730000e-01 3.387885e-04
7.740000e-01 3.224895e-04
7.750000e-01 3.060552e-04
7.760000e-01 2.894875e-04
7.770000e-01 2.727881e-04
7.780000e-01 2.559589e-04
7.790000e-01 2.390016e-04
7.800000e-01 2.219183e-04
7.810000e-01 2.047107e-04
7.820000e-01 1.873809e-04
7.830000e-01 1.699308e-04
7.840000e-01 1.523625e-04
7.850000e-01 1.346779e-04
7.860000e-01 1.168793e-04
7.870000e-01 9.896861e-05
7.880000e-01 8.094811e-05
7.890000e-01 6.281994e-05
7.900000e-01 4.458631e-05
7.910000e-01 2.624948e-05
7.920000e-01 7.811733e-06
7.930000e-01 1.072463e-05
7.940000e-01 2.935725e-05
7.950000e-01 4.808374e-05
7.960000e-01 6.690170e-05
7.970000e-01 8.580868e-05
7.980000e-01 1.048022e-04
7.990000e-01 1.238797e-04
8.000000e-01 1.430387e-04
8.010000e-01 1.622766e-04
8.020000e-01 1.815907e-04
8.030000e-01 2.009785e-04
8.040000e-01 2.204372e-04
8.050000e-01 2.399642e-04
8.060000e-01 2.595566e-04
8.070000e-01 2.792117e-04
8.080000e-01 2.989267e-04
8.090000e-01 3.186987e-04
8.100000e-01 3.385248e-04
8.110000e-01 3.584022e-04
8.120000e-01 3.783278e-04
8.130000e-01 3.982987e-04
8.140000e-01 4.183119e-04
8.150000e-01 4.383643e-04
8.160000e-01 4.584529e-04
8.170000e-01 4.785744e-04
8.180000e-01 4.987258e-04
8.190000e-01 5.189039e-04
8.200000e-01 5.391054e-04
8.210000e-01 5.593272e-04
8.220000e-01 5.795658e-04
8.230000e-01 5.998181e-04
8.240000e-01 6.200806e-04
8.250000e-01 6.403500e-04
8.260000e-01 6.606228e-04
8.270000e-01 6.808956e-04
8.280000e-01 7.011648e-04
8.290000e-01 7.214271e-04
8.300000e-01 7.416788e-04
8.310000e-01 7.619164e-04
8.320000e-01 7.821361e-04
8.330000e-01 8.023345e-04
8.340000e-01 8.225077e-04
8.350000e-01 8.426521e-04
8.360000e-01 8.627639e-04
8.370000e-01 8.828394e-04
8.380000e-01 9.028747e-04
8.390000e-01 9.228659e-04
8.400000e-01 9.428093e-04
8.410000e-01 9.627008e-04
8.420000e-01 9.825366e-04
8.430000e-01 1.002313e-03
8.440000e-01 1.022025e-03
8.450000e-01 1.041669e-03
8.460000e-01 1.061242e-03
8.470000e-01 1.080739e-03
8.480000e-01 1.100155e-03
8.490000e-01 1.119487e-03
8.500000e-01 1.138731e-03
8.510000e-01 1.157882e-03
8.520000e-01 1.176936e-03
8.530000e-01 1.195889e-03
8.540000e-01 1.214736e-03
8.550000e-01 1.233473e-03
8.560000e-01 1.252095e-03
8.570000e-01 1.270599e-03
8.580000e-01 1.288980e-03
8.590000e-01 1.307233e-03
8.600000e-01 1.325353e-03
8.610000e-01 1.343337e-03
8.620000e-01 1.361179e-03
8.630000e-01 1.378876e-03
8.640000e-01 1.396421e-03
8.650000e-01 1.413812e-03
8.660000e-01 1.431042e-03
8.670000e-01 1.448108e-03
8.680000e-01 1.465004e-03
8.690000e-01 1.481726e-03
8.700000e-01 1.498268e-03
8.710000e-01 1.514627e-03
8.720000e-01 1.530797e-03
8.730000e-01 1.546773e-03
8.740000e-01 1.562550e-03
8.750000e-01 1.578124e-03
8.760000e-01 1.593489e-03
8.770000e-01 1.608641e-03
8.780000e-01 1.623573e-03
8.790000e-01 1.638282e-03
8.800000e-01 1.652762e-03
8.810000e-01 1.667008e-03
8.820000e-01 1.681014e-03
8.830000e-01 1.694776e-03
8.840000e-01 1.708289e-03
8.850000e-01 1.721546e-03
8.860000e-01 1.734543e-03
8.870000e-01 1.747275e-03
8.880000e-01 1.759736e-03
8.890000e-01 1.771921e-03
8.900000e-01 1.783824e-03
8.910000e-01 1.795440e-03
8.920000e-01 1.806763e-03
8.930000e-01 1.817789e-03
8.940000e-01 1.828511e-03
8.950000e-01 1.838924e-03
8.960000e-01 1.849023e-03
8.970000e-01 1.858802e-03
8.980000e-01 1.868255e-03
8.990000e-01 1.877377e-03
9.000000e-01 1.886162e-03
9.010000e-01 1.894604e-03
9.020000e-01 1.902698e-03
9.030000e-01 1.910438e-03
9.040000e-01 1.917818e-03
9.050000e-01 1.924832e-03
9.060000e-01 1.931475e-03
9.070000e-01 1.937741e-03
9.080000e-01 1.943624e-03
9.090000e-01 1.949118e-03
9.100000e-01 1.954218e-03
9.110000e-01 1.958916e-03
9.120000e-01 1.963208e-03
9.130000e-01 1.967088e-03
9.140000e-01 1.970548e-03
9.150000e-01 1.973585e-03
9.160000e-01 1.976190e-03
9.170000e-01 1.978359e-03
9.180000e-01 1.980085e-03
9.190000e-01 1.981363e-03
9.200000e-01 1.982185e-03
9.210000e-01 1.982546e-03
9.220000e-01 1.982440e-03
9.230000e-01 1.981861e-03
9.240000e-01 1.980802e-03
9.250000e-01 1.979257e-03
9.260000e-01 1.977220e-03
9.270000e-01 1.974685e-03
9.280000e-01 1.971645e-03
9.290000e-01 1.968094e-03
9.300000e-01 1.964026e-03
9.310000e-01 1.959435e-03
9.320000e-01 1.954313e-03
9.330000e-01 1.948655e-03
9.340000e-01 1.942455e-03
9.350000e-01 1.935705e-03
9.360000e-01 1.928400e-03
9.370000e-01 1.920533e-03
9.380000e-01 1.912097e-03
9.390000e-01 1.903087e-03
9.400000e-01 1.893495e-03
9.410000e-01 1.883315e-03
9.420000e-01 1.872541e-03
9.430000e-01 1.861166e-03
9.440000e-01 1.849183e-03
9.450000e-01 1.836586e-03
9.460000e-01 1.823368e-03
9.470000e-01 1.809523e-03
9.480000e-01 1.795044e-03
9.490000e-01 1.779924e-03
9.500000e-01 1.764157e-03
9.510000e-01 1.747736e-03
9.520000e-01 1.730654e-03
9.530000e-01 1.712905e-03
9.540000e-01 1.694482e-03
9.550000e-01 1.675379e-03
9.560000e-01 1.655587e-03
9.570000e-01 1.635102e-03
9.580000e-01 1.613915e-03
9.590000e-01 1.592021e-03
9.600000e-01 1.569412e-03
9.610000e-01 1.546082e-03
9.620000e-01 1.522024e-03
9.630000e-01 1.497231e-03
9.640000e-01 1.471695e-03
9.650000e-01 1.445412e-03
9.660000e-01 1.418372e-03
9.670000e-01 1.390571e-03
9.680000e-01 1.362000e-03
9.690000e-01 1.332652e-03
9.700000e-01 1.302522e-03
9.710000e-01 1.271602e-03
9.720000e-01 1.239885e-03
9.730000e-01 1.207364e-03
9.740000e-01 1.174033e-03
9.750000e-01 1.139884e-03
9.760000e-01 1.104910e-03
9.770000e-01 1.069105e-03
9.780000e-01 1.032461e-03
9.790000e-01 9.949724e-04
9.800000e-01 9.566308e-04
9.810000e-01 9.174299e-04
9.820000e-01 8.773625e-04
9.830000e-01 8.364218e-04
9.840000e-01 7.946006e-04
9.850000e-01 7.518921e-04
9.860000e-01 7.082892e-04
9.870000e-01 6.637848e-04
9.880000e-01 6.183720e-04
9.890000e-01 5.720438e-04
9.900000e-01 5.247930e-04
9.910000e-01 4.766128e-04
9.920000e-01 4.274959e-04
9.930000e-01 3.774355e-04
9.940000e-01 3.264245e-04
9.950000e-01 2.744557e-04
9.960000e-01 2.215222e-04
9.970000e-01 1.676170e-04
9.980000e-01 1.127329e-04
9.990000e-01 5.686292e-05
