400
0.000000e+00 0.000000e+00
0.000000e+00 5.263158e-02
0.000000e+00 1.052632e-01
0.000000e+00 1.578947e-01
0.000000e+00 2.105263e-01
0.000000e+00 2.631579e-01
0.000000e+00 3.157895e-01
0.000000e+00 3.684211e-01
0.000000e+00 4.210526e-01
0.000000e+00 4.736842e-01
0.000000e+00 5.263158e-01
0.000000e+00 5.789474e-01
0.000000e+00 6.315789e-01
0.000000e+00 6.842105e-01
0.000000e+00 7.368421e-01
0.000000e+00 7.894737e-01
0.000000e+00 8.421053e-01
0.000000e+00 8.947368e-01
0.000000e+00 9.473684e-01
0.000000e+00 1.000000e+00
5.263158e-02 0.000000e+00
5.263158e-02 5.263158e-02
5.263158e-02 1.052632e-01
5.263158e-02 1.578947e-01
5.263158e-02 2.105263e-01
5.263158e-02 2.631579e-01
5.263158e-02 3.157895e-01
5.263158e-02 3.684211e-01
5.263158e-02 4.210526e-01
5.263158e-02 4.736842e-01
5.263158e-02 5.263158e-01
5.263158e-02 5.789474e-01
5.263158e-02 6.315789e-01
5.263158e-02 6.842105e-01
5.263158e-02 7.368421e-01
5.263158e-02 7.894737e-01
5.263158e-02 8.421053e-01
5.263158e-02 8.947368e-01
5.263158e-02 9.473684e-01
5.263158e-02 1.000000e+00
1.052632e-01 0.000000e+00
1.052632e-01 5.263158e-02
1.052632e-01 1.052632e-01
1.052632e-01 1.578947e-01
1.052632e-01 2.105263e-01
1.052632e-01 2.631579e-01
1.052632e-01 3.157895e-01
1.052632e-01 3.684211e-01
1.052632e-01 4.210526e-01
1.052632e-01 4.736842e-01
1.052632e-01 5.263158e-01
1.052632e-01 5.789474e-01
1.052632e-01 6.315789e-01
1.052632e-01 6.842105e-01
1.052632e-01 7.368421e-01
1.052632e-01 7.894737e-01
1.052632e-01 8.421053e-01
1.052632e-01 8.947368e-01
1.052632e-01 9.473684e-01
1.052632e-01 1.000000e+00
1.578947e-01 0.000000e+00
1.578947e-01 5.263158e-02
1.578947e-01 1.052632e-01
1.578947e-01 1.578947e-01
1.578947e-01 2.105263e-01
1.578947e-01 2.631579e-01
1.578947e-01 3.157895e-01
1.578947e-01 3.684211e-01
1.578947e-01 4.210526e-01
1.578947e-01 4.736842e-01
1.578947e-01 5.263158e-01
1.578947e-01 5.789474e-01
1.578947e-01 6.315789e-01
1.578947e-01 6.842105e-01
1.578947e-01 7.368421e-01
1.578947e-01 7.894737e-01
1.578947e-01 8.421053e-01
1.578947e-01 8.947368e-01
1.578947e-01 9.473684e-01
1.578947e-01 1.000000e+00
2.105263e-01 0.000000e+00
2.105263e-01 5.263158e-02
2.105263e-01 1.052632e-01
2.105263e-01 1.578947e-01
2.105263e-01 2.105263e-01
2.105263e-01 2.631579e-01
2.105263e-01 3.157895e-01
2.105263e-01 3.684211e-01
2.105263e-01 4.210526e-01
2.105263e-01 4.736842e-01
2.105263e-01 5.263158e-01
2.105263e-01 5.789474e-01
2.105263e-01 6.315789e-01
2.105263e-01 6.842105e-01
2.105263e-01 7.368421e-01
2.105263e-01 7.894737e-01
2.105263e-01 8.421053e-01
2.105263e-01 8.947368e-01
2.105263e-01 9.473684e-01
2.105263e-01 1.000000e+00
2.631579e-01 0.000000e+00
2.631579e-01 5.263158e-02
2.631579e-01 1.052632e-01
2.631579e-01 1.578947e-01
2.631579e-01 2.105263e-01
2.631579e-01 2.631579e-01
2.631579e-01 3.157895e-01
2.631579e-01 3.684211e-01
2.631579e-01 4.210526e-01
2.631579e-01 4.736842e-01
2.631579e-01 5.263158e-01
2.631579e-01 5.789474e-01
2.631579e-01 6.315789e-01
2.631579e-01 6.842105e-01
2.631579e-01 7.368421e-01
2.631579e-01 7.894737e-01
2.631579e-01 8.421053e-01
2.631579e-01 8.947368e-01
2.631579e-01 9.473684e-01
2.631579e-01 1.000000e+00
3.157895e-01 0.000000e+00
3.157895e-01 5.263158e-02
3.157895e-01 1.052632e-01
3.157895e-01 1.578947e-01
3.157895e-01 2.105263e-01
3.157895e-01 2.631579e-01
3.157895e-01 3.157895e-01
3.157895e-01 3.684211e-01
3.157895e-01 4.210526e-01
3.157895e-01 4.736842e-01
3.157895e-01 5.263158e-01
3.157895e-01 5.789474e-01
3.157895e-01 6.315789e-01
3.157895e-01 6.842105e-01
3.157895e-01 7.368421e-01
3.157895e-01 7.894737e-01
3.157895e-01 8.421053e-01
3.157895e-01 8.947368e-01
3.157895e-01 9.473684e-01
3.157895e-01 1.000000e+00
3.684211e-01 0.000000e+00
3.684211e-01 5.263158e-02
3.684211e-01 1.052632e-01
3.684211e-01 1.578947e-01
3.684211e-01 2.105263e-01
3.684211e-01 2.631579e-01
3.684211e-01 3.157895e-01
3.684211e-01 3.684211e-01
3.684211e-01 4.210526e-01
3.684211e-01 4.736842e-01
3.684211e-01 5.263158e-01
3.684211e-01 5.789474e-01
3.684211e-01 6.315789e-01
3.684211e-01 6.842105e-01
3.684211e-01 7.368421e-01
3.684211e-01 7.894737e-01
3.684211e-01 8.421053e-01
3.684211e-01 8.947368e-01
3.684211e-01 9.473684e-01
3.684211e-01 1.000000e+00
4.210526e-01 0.000000e+00
4.210526e-01 5.263158e-02
4.210526e-01 1.052632e-01
4.210526e-01 1.578947e-01
4.210526e-01 2.105263e-01
4.210526e-01 2.631579e-01
4.210526e-01 3.157895e-01
4.210526e-01 3.684211e-01
4.210526e-01 4.210526e-01
4.210526e-01 4.736842e-01
4.210526e-01 5.263158e-01
4.210526e-01 5.789474e-01
4.210526e-01 6.315789e-01
4.210526e-01 6.842105e-01
4.210526e-01 7.368421e-01
4.210526e-01 7.894737e-01
4.210526e-01 8.421053e-01
4.210526e-01 8.947368e-01
4.210526e-01 9.473684e-01
4.210526e-01 1.000000e+00
4.736842e-01 0.000000e+00
4.736842e-01 5.263158e-02
4.736842e-01 1.052632e-01
4.736842e-01 1.578947e-01
4.736842e-01 2.105263e-01
4.736842e-01 2.631579e-01
4.736842e-01 3.157895e-01
4.736842e-01 3.684211e-01
4.736842e-01 4.210526e-01
4.736842e-01 4.736842e-01
4.736842e-01 5.263158e-01
4.736842e-01 5.789474e-01
4.736842e-01 6.315789e-01
4.736842e-01 6.842105e-01
4.736842e-01 7.368421e-01
4.736842e-01 7.894737e-01
4.736842e-01 8.421053e-01
4.736842e-01 8.947368e-01
4.736842e-01 9.473684e-01
4.736842e-01 1.000000e+00
5.263158e-01 0.000000e+00
5.263158e-01 5.263158e-02
5.263158e-01 1.052632e-01
5.263158e-01 1.578947e-01
5.263158e-01 2.105263e-01
5.263158e-01 2.631579e-01
5.263158e-01 3.157895e-01
5.263158e-01 3.684211e-01
5.263158e-01 4.210526e-01
5.263158e-01 4.736842e-01
5.263158e-01 5.263158e-01
5.263158e-01 5.789474e-01
5.263158e-01 6.315789e-01
5.263158e-01 6.842105e-01
5.263158e-01 7.368421e-01
5.263158e-01 7.894737e-01
5.263158e-01 8.421053e-01
5.263158e-01 8.947368e-01
5.263158e-01 9.473684e-01
5.263158e-01 1.000000e+00
5.789474e-01 0.000000e+00
5.789474e-01 5.263158e-02
5.789474e-01 1.052632e-01
5.789474e-01 1.578947e-01
5.789474e-01 2.105263e-01
5.789474e-01 2.631579e-01
5.789474e-01 3.157895e-01
5.789474e-01 3.684211e-01
5.789474e-01 4.210526e-01
5.789474e-01 4.736842e-01
5.789474e-01 5.263158e-01
5.789474e-01 5.789474e-01
5.789474e-01 6.315789e-01
5.789474e-01 6.842105e-01
5.789474e-01 7.368421e-01
5.789474e-01 7.894737e-01
5.789474e-01 8.421053e-01
5.789474e-01 8.947368e-01
5.789474e-01 9.473684e-01
5.789474e-01 1.000000e+00
6.315789e-01 0.000000e+00
6.315789e-01 5.263158e-02
6.315789e-01 1.052632e-01
6.315789e-01 1.578947e-01
6.315789e-01 2.105263e-01
6.315789e-01 2.631579e-01
6.315789e-01 3.157895e-01
6.315789e-01 3.684211e-01
6.315789e-01 4.210526e-01
6.315789e-01 4.736842e-01
6.315789e-01 5.263158e-01
6.315789e-01 5.789474e-01
6.315789e-01 6.315789e-01
6.315789e-01 6.842105e-01
6.315789e-01 7.368421e-01
6.315789e-01 7.894737e-01
6.315789e-01 8.421053e-01
6.315789e-01 8.947368e-01
6.315789e-01 9.473684e-01
6.315789e-01 1.000000e+00
6.842105e-01 0.000000e+00
6.842105e-01 5.263158e-02
6.842105e-01 1.052632e-01
6.842105e-01 1.578947e-01
6.842105e-01 2.105263e-01
6.842105e-01 2.631579e-01
6.842105e-01 3.157895e-01
6.842105e-01 3.684211e-01
6.842105e-01 4.210526e-01
6.842105e-01 4.736842e-01
6.842105e-01 5.263158e-01
6.842105e-01 5.789474e-01
6.842105e-01 6.315789e-01
6.842105e-01 6.842105e-01
6.842105e-01 7.368421e-01
6.842105e-01 7.894737e-01
6.842105e-01 8.421053e-01
6.842105e-01 8.947368e-01
6.842105e-01 9.473684e-01
6.842105e-01 1.000000e+00
7.368421e-01 0.000000e+00
7.368421e-01 5.263158e-02
7.368421e-01 1.052632e-01
7.368421e-01 1.578947e-01
7.368421e-01 2.105263e-01
7.368421e-01 2.631579e-01
7.368421e-01 3.157895e-01
7.368421e-01 3.684211e-01
7.368421e-01 4.210526e-01
7.368421e-01 4.736842e-01
7.368421e-01 5.263158e-01
7.368421e-01 5.789474e-01
7.368421e-01 6.315789e-01
7.368421e-01 6.842105e-01
7.368421e-01 7.368421e-01
7.368421e-01 7.894737e-01
7.368421e-01 8.421053e-01
7.368421e-01 8.947368e-01
7.368421e-01 9.473684e-01
7.368421e-01 1.000000e+00
7.894737e-01 0.000000e+00
7.894737e-01 5.263158e-02
7.894737e-01 1.052632e-01
7.894737e-01 1.578947e-01
7.894737e-01 2.105263e-01
7.894737e-01 2.631579e-01
7.894737e-01 3.157895e-01
7.894737e-01 3.684211e-01
7.894737e-01 4.210526e-01
7.894737e-01 4.736842e-01
7.894737e-01 5.263158e-01
7.894737e-01 5.789474e-01
7.894737e-01 6.315789e-01
7.894737e-01 6.842105e-01
7.894737e-01 7.368421e-01
7.894737e-01 7.894737e-01
7.894737e-01 8.421053e-01
7.894737e-01 8.947368e-01
7.894737e-01 9.473684e-01
7.894737e-01 1.000000e+00
8.421053e-01 0.000000e+00
8.421053e-01 5.263158e-02
8.421053e-01 1.052632e-01
8.421053e-01 1.578947e-01
8.421053e-01 2.105263e-01
8.421053e-01 2.631579e-01
8.421053e-01 3.157895e-01
8.421053e-01 3.684211e-01
8.421053e-01 4.210526e-01
8.421053e-01 4.736842e-01
8.421053e-01 5.263158e-01
8.421053e-01 5.789474e-01
8.421053e-01 6.315789e-01
8.421053e-01 6.842105e-01
8.421053e-01 7.368421e-01
8.421053e-01 7.894737e-01
8.421053e-01 8.421053e-01
8.421053e-01 8.947368e-01
8.421053e-01 9.473684e-01
8.421053e-01 1.000000e+00
8.947368e-01 0.000000e+00
8.947368e-01 5.263158e-02
8.947368e-01 1.052632e-01
8.947368e-01 1.578947e-01
8.947368e-01 2.105263e-01
8.947368e-01 2.631579e-01
8.947368e-01 3.157895e-01
8.947368e-01 3.684211e-01
8.947368e-01 4.210526e-01
8.947368e-01 4.736842e-01
8.947368e-01 5.263158e-01
8.947368e-01 5.789474e-01
8.947368e-01 6.315789e-01
8.947368e-01 6.842105e-01
8.947368e-01 7.368421e-01
8.947368e-01 7.894737e-01
8.947368e-01 8.421053e-01
8.947368e-01 8.947368e-01
8.947368e-01 9.473684e-01
8.947368e-01 1.000000e+00
9.473684e-01 0.000000e+00
9.473684e-01 5.263158e-02
9.473684e-01 1.052632e-01
9.473684e-01 1.578947e-01
9.473684e-01 2.105263e-01
9.473684e-01 2.631579e-01
9.473684e-01 3.157895e-01
9.473684e-01 3.684211e-01
9.473684e-01 4.210526e-01
9.473684e-01 4.736842e-01
9.473684e-01 5.263158e-01
9.473684e-01 5.789474e-01
9.473684e-01 6.315789e-01
9.473684e-01 6.842105e-01
9.473684e-01 7.368421e-01
9.473684e-01 7.894737e-01
9.473684e-01 8.421053e-01
9.473684e-01 8.947368e-01
9.473684e-01 9.473684e-01
9.473684e-01 1.000000e+00
1.000000e+00 0.000000e+00
1.000000e+00 5.263158e-02
1.000000e+00 1.052632e-01
1.000000e+00 1.578947e-01
1.000000e+00 2.105263e-01
1.000000e+00 2.631579e-01
1.000000e+00 3.157895e-01
1.000000e+00 3.684211e-01
1.000000e+00 4.210526e-01
1.000000e+00 4.736842e-01
1.000000e+00 5.263158e-01
1.000000e+00 5.789474e-01
1.000000e+00 6.315789e-01
1.000000e+00 6.842105e-01
1.000000e+00 7.368421e-01
1.000000e+00 7.894737e-01
1.000000e+00 8.421053e-01
1.000000e+00 8.947368e-01
1.000000e+00 9.473684e-01
1.000000e+00 1.000000e+00
722
0 1 21
1 2 22
2 3 23
3 4 24
4 5 25
5 6 26
6 7 27
7 8 28
8 9 29
9 10 30
10 11 31
11 12 32
12 13 33
13 14 34
14 15 35
15 16 36
16 17 37
17 18 38
18 19 39
20 21 41
21 22 42
22 23 43
23 24 44
24 25 45
25 26 46
26 27 47
27 28 48
28 29 49
29 30 50
30 31 51
31 32 52
32 33 53
33 34 54
34 35 55
35 36 56
36 37 57
37 38 58
38 39 59
40 41 61
41 42 62
42 43 63
43 44 64
44 45 65
45 46 66
46 47 67
47 48 68
48 49 69
49 50 70
50 51 71
51 52 72
52 53 73
53 54 74
54 55 75
55 56 76
56 57 77
57 58 78
58 59 79
60 61 81
61 62 82
62 63 83
63 64 84
64 65 85
65 66 86
66 67 87
67 68 88
68 69 89
69 70 90
70 71 91
71 72 92
72 73 93
73 74 94
74 75 95
75 76 96
76 77 97
77 78 98
78 79 99
80 81 101
81 82 102
82 83 103
83 84 104
84 85 105
85 86 106
86 87 107
87 88 108
88 89 109
89 90 110
90 91 111
91 92 112
92 93 113
93 94 114
94 95 115
95 96 116
96 97 117
97 98 118
98 99 119
100 101 121
101 102 122
102 103 123
103 104 124
104 105 125
105 106 126
106 107 127
107 108 128
108 109 129
109 110 130
110 111 131
111 112 132
112 113 133
113 114 134
114 115 135
115 116 136
116 117 137
117 118 138
118 119 139
120 121 141
121 122 142
122 123 143
123 124 144
124 125 145
125 126 146
126 127 147
127 128 148
128 129 149
129 130 150
130 131 151
131 132 152
132 133 153
133 134 154
134 135 155
135 136 156
136 137 157
137 138 158
138 139 159
140 141 161
141 142 162
142 143 163
143 144 164
144 145 165
145 146 166
146 147 167
147 148 168
148 149 169
149 150 170
150 151 171
151 152 172
152 153 173
153 154 174
154 155 175
155 156 176
156 157 177
157 158 178
158 159 179
160 161 181
161 162 182
162 163 183
163 164 184
164 165 185
165 166 186
166 167 187
167 168 188
168 169 189
169 170 190
170 171 191
171 172 192
172 173 193
173 174 194
174 175 195
175 176 196
176 177 197
177 178 198
178 179 199
180 181 201
181 182 202
182 183 203
183 184 204
184 185 205
185 186 206
186 187 207
187 188 208
188 189 209
189 190 210
190 191 211
191 192 212
192 193 213
193 194 214
194 195 215
195 196 216
196 197 217
197 198 218
198 199 219
200 201 221
201 202 222
202 203 223
203 204 224
204 205 225
205 206 226
206 207 227
207 208 228
208 209 229
209 210 230
210 211 231
211 212 232
212 213 233
213 214 234
214 215 235
215 216 236
216 217 237
217 218 238
218 219 239
220 221 241
221 222 242
222 223 243
223 224 244
224 225 245
225 226 246
226 227 247
227 228 248
228 229 249
229 230 250
230 231 251
231 232 252
232 233 253
233 234 254
234 235 255
235 236 256
236 237 257
237 238 258
238 239 259
240 241 261
241 242 262
242 243 263
243 244 264
244 245 265
245 246 266
246 247 267
247 248 268
248 249 269
249 250 270
250 251 271
251 252 272
252 253 273
253 254 274
254 255 275
255 256 276
256 257 277
257 258 278
258 259 279
260 261 281
261 262 282
262 263 283
263 264 284
264 265 285
265 266 286
266 267 287
267 268 288
268 269 289
269 270 290
270 271 291
271 272 292
272 273 293
273 274 294
274 275 295
275 276 296
276 277 297
277 278 298
278 279 299
280 281 301
281 282 302
282 283 303
283 284 304
284 285 305
285 286 306
286 287 307
287 288 308
288 289 309
289 290 310
290 291 311
291 292 312
292 293 313
293 294 314
294 295 315
295 296 316
296 297 317
297 298 318
298 299 319
300 301 321
301 302 322
302 303 323
303 304 324
304 305 325
305 306 326
306 307 327
307 308 328
308 309 329
309 310 330
310 311 331
311 312 332
312 313 333
313 314 334
314 315 335
315 316 336
316 317 337
317 318 338
318 319 339
320 321 341
321 322 342
322 323 343
323 324 344
324 325 345
325 326 346
326 327 347
327 328 348
328 329 349
329 330 350
330 331 351
331 332 352
332 333 353
333 334 354
334 335 355
335 336 356
336 337 357
337 338 358
338 339 359
340 341 361
341 342 362
342 343 363
343 344 364
344 345 365
345 346 366
346 347 367
347 348 368
348 349 369
349 350 370
350 351 371
351 352 372
352 353 373
353 354 374
354 355 375
355 356 376
356 357 377
357 358 378
358 359 379
360 361 381
361 362 382
362 363 383
363 364 384
364 365 385
365 366 386
366 367 387
367 368 388
368 369 389
369 370 390
370 371 391
371 372 392
372 373 393
373 374 394
374 375 395
375 376 396
376 377 397
377 378 398
378 379 399
0 20 21
1 21 22
2 22 23
3 23 24
4 24 25
5 25 26
6 26 27
7 27 28
8 28 29
9 29 30
10 30 31
11 31 32
12 32 33
13 33 34
14 34 35
15 35 36
16 36 37
17 37 38
18 38 39
20 40 41
21 41 42
22 42 43
23 43 44
24 44 45
25 45 46
26 46 47
27 47 48
28 48 49
29 49 50
30 50 51
31 51 52
32 52 53
33 53 54
34 54 55
35 55 56
36 56 57
37 57 58
38 58 59
40 60 61
41 61 62
42 62 63
43 63 64
44 64 65
45 65 66
46 66 67
47 67 68
48 68 69
49 69 70
50 70 71
51 71 72
52 72 73
53 73 74
54 74 75
55 75 76
56 76 77
57 77 78
58 78 79
60 80 81
61 81 82
62 82 83
63 83 84
64 84 85
65 85 86
66 86 87
67 87 88
68 88 89
69 89 90
70 90 91
71 91 92
72 92 93
73 93 94
74 94 95
75 95 96
76 96 97
77 97 98
78 98 99
80 100 101
81 101 102
82 102 103
83 103 104
84 104 105
85 105 106
86 106 107
87 107 108
88 108 109
89 109 110
90 110 111
91 111 112
92 112 113
93 113 114
94 114 115
95 115 116
96 116 117
97 117 118
98 118 119
100 120 121
101 121 122
102 122 123
103 123 124
104 124 125
105 125 126
106 126 127
107 127 128
108 128 129
109 129 130
110 130 131
111 131 132
112 132 133
113 133 134
114 134 135
115 135 136
116 136 137
117 137 138
118 138 139
120 140 141
121 141 142
122 142 143
123 143 144
124 144 145
125 145 146
126 146 147
127 147 148
128 148 149
129 149 150
130 150 151
131 151 152
132 152 153
133 153 154
134 154 155
135 155 156
136 156 157
137 157 158
138 158 159
140 160 161
141 161 162
142 162 163
143 163 164
144 164 165
145 165 166
146 166 167
147 167 168
148 168 169
149 169 170
150 170 171
151 171 172
152 172 173
153 173 174
154 174 175
155 175 176
156 176 177
157 177 178
158 178 179
160 180 181
161 181 182
162 182 183
163 183 184
164 184 185
165 185 186
166 186 187
167 187 188
168 188 189
169 189 190
170 190 191
171 191 192
172 192 193
173 193 194
174 194 195
175 195 196
176 196 197
177 197 198
178 198 199
180 200 201
181 201 202
182 202 203
183 203 204
184 204 205
185 205 206
186 206 207
187 207 208
188 208 209
189 209 210
190 210 211
191 211 212
192 212 213
193 213 214
194 214 215
195 215 216
196 216 217
197 217 218
198 218 219
200 220 221
201 221 222
202 222 223
203 223 224
204 224 225
205 225 226
206 226 227
207 227 228
208 228 229
209 229 230
210 230 231
211 231 232
212 232 233
213 233 234
214 234 235
215 235 236
216 236 237
217 237 238
218 238 239
220 240 241
221 241 242
222 242 243
223 243 244
224 244 245
225 245 246
226 246 247
227 247 248
228 248 249
229 249 250
230 250 251
231 251 252
232 252 253
233 253 254
234 254 255
235 255 256
236 256 257
237 257 258
238 258 259
240 260 261
241 261 262
242 262 263
243 263 264
244 264 265
245 265 266
246 266 267
247 267 268
248 268 269
249 269 270
250 270 271
251 271 272
252 272 273
253 273 274
254 274 275
255 275 276
256 276 277
257 277 278
258 278 279
260 280 281
261 281 282
262 282 283
263 283 284
264 284 285
265 285 286
266 286 287
267 287 288
268 288 289
269 289 290
270 290 291
271 291 292
272 292 293
273 293 294
274 294 295
275 295 296
276 296 297
277 297 298
278 298 299
280 300 301
281 301 302
282 302 303
283 303 304
284 304 305
285 305 306
286 306 307
287 307 308
288 308 309
289 309 310
290 310 311
291 311 312
292 312 313
293 313 314
294 314 315
295 315 316
296 316 317
297 317 318
298 318 319
300 320 321
301 321 322
302 322 323
303 323 324
304 324 325
305 325 326
306 326 327
307 327 328
308 328 329
309 329 330
310 330 331
311 331 332
312 332 333
313 333 334
314 334 335
315 335 336
316 336 337
317 337 338
318 338 339
320 340 341
321 341 342
322 342 343
323 343 344
324 344 345
325 345 346
326 346 347
327 347 348
328 348 349
329 349 350
330 350 351
331 351 352
332 352 353
333 353 354
334 354 355
335 355 356
336 356 357
337 357 358
338 358 359
340 360 361
341 361 362
342 362 363
343 363 364
344 364 365
345 365 366
346 366 367
347 367 368
348 368 369
349 369 370
350 370 371
351 371 372
352 372 373
353 373 374
354 374 375
355 375 376
356 376 377
357 377 378
358 378 379
360 380 381
361 381 382
362 382 383
363 383 384
364 384 385
365 385 386
366 386 387
367 387 388
368 388 389
369 389 390
370 390 391
371 391 392
372 392 393
373 393 394
374 394 395
375 395 396
376 396 397
377 397 398
378 398 399
