16
0.000000e+00 0.000000e+00
0.000000e+00 3.333333e-01
0.000000e+00 6.666667e-01
0.000000e+00 1.000000e+00
3.333333e-01 0.000000e+00
3.333333e-01 3.333333e-01
3.333333e-01 6.666667e-01
3.333333e-01 1.000000e+00
6.666667e-01 0.000000e+00
6.666667e-01 3.333333e-01
6.666667e-01 6.666667e-01
6.666667e-01 1.000000e+00
1.000000e+00 0.000000e+00
1.000000e+00 3.333333e-01
1.000000e+00 6.666667e-01
1.000000e+00 1.000000e+00
18
0 1 5
1 2 6
2 3 7
4 5 9
5 6 10
6 7 11
8 9 13
9 10 14
10 11 15
0 4 5
1 5 6
2 6 7
4 8 9
5 9 10
6 10 11
8 12 13
9 13 14
10 14 15
