25
0.000000e+00 0.000000e+00
0.000000e+00 2.500000e-01
0.000000e+00 5.000000e-01
0.000000e+00 7.500000e-01
0.000000e+00 1.000000e+00
2.500000e-01 0.000000e+00
2.500000e-01 2.500000e-01
2.500000e-01 5.000000e-01
2.500000e-01 7.500000e-01
2.500000e-01 1.000000e+00
5.000000e-01 0.000000e+00
5.000000e-01 2.500000e-01
5.000000e-01 5.000000e-01
5.000000e-01 7.500000e-01
5.000000e-01 1.000000e+00
7.500000e-01 0.000000e+00
7.500000e-01 2.500000e-01
7.500000e-01 5.000000e-01
7.500000e-01 7.500000e-01
7.500000e-01 1.000000e+00
1.000000e+00 0.000000e+00
1.000000e+00 2.500000e-01
1.000000e+00 5.000000e-01
1.000000e+00 7.500000e-01
1.000000e+00 1.000000e+00
32
0 1 6
1 2 7
2 3 8
3 4 9
5 6 11
6 7 12
7 8 13
8 9 14
10 11 16
11 12 17
12 13 18
13 14 19
15 16 21
16 17 22
17 18 23
18 19 24
0 5 6
1 6 7
2 7 8
3 8 9
5 10 11
6 11 12
7 12 13
8 13 14
10 15 16
11 16 17
12 17 18
13 18 19
15 20 21
16 21 22
17 22 23
18 23 24
